Voltage_measured,Current_measured,Temperature_measured,Current_charge,Voltage_charge,Time,id_cycle,type,ambient_temperature,time
3.6934766720064625,-0.002462782019441615,27.285626186291434,0.0,-0.007,0.0,87,charge,24,2009.0
3.225667527470368,-3.540960258291805,27.261127114520015,-3.525,1.439,2.468,87,charge,24,2009.0
3.8758349891733963,1.5142150360035898,27.279579990469276,1.507,4.64,6.859000000000002,87,charge,24,2009.0
3.8892252149132074,1.5125941612669023,27.2987725714022,1.507,4.656,11.030999999999999,87,charge,24,2009.0
3.8971790553043135,1.5127964408346652,27.320705404609924,1.507,4.667,15.64,87,charge,24,2009.0
3.901958673268969,1.5136656521844805,27.32227445563822,1.507,4.672,19.906,87,charge,24,2009.0
3.905996318678417,1.5150488425959552,27.324847189020858,1.507,4.672,24.171,87,charge,24,2009.0
3.9093500511363146,1.5151037551125754,27.32202962308641,1.507,4.678,28.453000000000003,87,charge,24,2009.0
3.91231762005753,1.5138213954637398,27.31140093317698,1.507,4.678,32.687,87,charge,24,2009.0
3.9150419550037685,1.5136509040219317,27.301809484157015,1.507,4.683,36.984,87,charge,24,2009.0
3.917569862206604,1.514932042193028,27.28709783138532,1.507,4.683,41.218,87,charge,24,2009.0
3.920312004045579,1.5140841593061736,27.278321369661647,1.507,4.689,45.437,87,charge,24,2009.0
3.9225863860262753,1.5108469134147513,27.260155749622303,1.507,4.694,49.703,87,charge,24,2009.0
3.9249855948988577,1.5111013758888932,27.250425156784175,1.507,4.694,53.953,87,charge,24,2009.0
3.9273465972844215,1.5113245977495504,27.23985386706686,1.507,4.694,58.187,87,charge,24,2009.0
3.9293506476581235,1.5107927201855078,27.216415664547096,1.506,4.699,62.453,87,charge,24,2009.0
3.9315506465990064,1.5116509971917524,27.214517049461488,1.507,4.699,66.67099999999999,87,charge,24,2009.0
3.933416535009275,1.5124743436100638,27.191320337855977,1.507,4.699,70.937,87,charge,24,2009.0
3.935518931186863,1.5126111231946235,27.18308262600355,1.507,4.705,75.156,87,charge,24,2009.0
3.9373519310762166,1.5127074139062195,27.169098303175737,1.506,4.705,79.42099999999999,87,charge,24,2009.0
3.939280327976787,1.5131254596630797,27.151512113624086,1.507,4.705,83.64,87,charge,24,2009.0
3.9411456330751315,1.5125712849200534,27.132927766270313,1.507,4.71,87.843,87,charge,24,2009.0
3.942736897686729,1.5131996767700429,27.116455136302662,1.507,4.71,92.093,87,charge,24,2009.0
3.944513570991096,1.5131012254974463,27.10517267314969,1.507,4.71,96.328,87,charge,24,2009.0
3.946189694569944,1.514938425800661,27.091673061994793,1.507,4.716,100.593,87,charge,24,2009.0
3.9478183231833097,1.5115666043875915,27.07988944327883,1.506,4.716,104.812,87,charge,24,2009.0
3.9494672523591943,1.513630735415441,27.05989150009082,1.507,4.716,109.078,87,charge,24,2009.0
3.951077942265415,1.5125266523270398,27.050764575665056,1.507,4.721,113.29599999999999,87,charge,24,2009.0
3.952473230518742,1.5121031640558735,27.029574597645514,1.507,4.721,117.54599999999999,87,charge,24,2009.0
3.954001645790649,1.5127176309945525,27.017469338792434,1.507,4.721,121.812,87,charge,24,2009.0
3.9554465619789254,1.5144638827808854,27.009735382013933,1.506,4.721,126.04599999999999,87,charge,24,2009.0
3.9568872905917902,1.5123775076325903,26.991082762374944,1.507,4.721,130.312,87,charge,24,2009.0
3.9582726190904296,1.5125879597206042,26.97999963274087,1.507,4.726,134.531,87,charge,24,2009.0
3.9594481308522327,1.513436569147072,26.957116464244166,1.507,4.726,138.796,87,charge,24,2009.0
3.9608792248735525,1.5136775229006596,26.960792280433743,1.507,4.726,143.015,87,charge,24,2009.0
3.962527303139407,1.5140396540304537,26.94146928317913,1.507,4.726,147.281,87,charge,24,2009.0
3.9636748382847165,1.5131211061749426,26.933885414525115,1.507,4.732,151.484,87,charge,24,2009.0
3.964916266015401,1.5131140661879985,26.920408984807434,1.507,4.732,155.703,87,charge,24,2009.0
3.9661473262447733,1.511404208932976,26.908566788434268,1.507,4.732,159.968,87,charge,24,2009.0
3.967398740222796,1.514197673472005,26.89300728643601,1.507,4.732,164.187,87,charge,24,2009.0
3.968669973955207,1.5129890589024881,26.87668667710599,1.507,4.732,168.453,87,charge,24,2009.0
3.9698107226294246,1.513673380428712,26.865438413130224,1.507,4.737,172.687,87,charge,24,2009.0
3.9709064704081394,1.512695011737102,26.850492417254333,1.507,4.737,176.953,87,charge,24,2009.0
3.9724013257038444,1.5120211643061165,26.84443952400181,1.507,4.737,181.468,87,charge,24,2009.0
3.9734021832105904,1.5128504852688378,26.836210166016773,1.506,4.737,185.671,87,charge,24,2009.0
3.9746647807720774,1.5128008369038277,26.828197720779357,1.507,4.743,189.953,87,charge,24,2009.0
3.9757792012676414,1.5133615153491313,26.815893394148162,1.507,4.743,194.187,87,charge,24,2009.0
3.9767353665973295,1.512197468814607,26.800648411841724,1.507,4.743,198.39,87,charge,24,2009.0
3.9779365980760057,1.5123622054049934,26.78807756315065,1.507,4.743,202.609,87,charge,24,2009.0
3.9792149285176968,1.5136479673897323,26.77236265103748,1.507,4.743,206.859,87,charge,24,2009.0
3.9802246211367502,1.5128615427254326,26.770148209007125,1.507,4.743,211.078,87,charge,24,2009.0
3.981153979312371,1.5129876561144564,26.753507887547038,1.507,4.743,215.34300000000002,87,charge,24,2009.0
3.982156593810801,1.5134275360977745,26.74927307488085,1.507,4.748,219.562,87,charge,24,2009.0
3.983170113579453,1.511801579641758,26.732926042937844,1.507,4.748,223.828,87,charge,24,2009.0
3.9840818808988057,1.515126254154575,26.731794997599486,1.507,4.748,228.046,87,charge,24,2009.0
3.985075986131498,1.5143877055408297,26.716216135750674,1.506,4.748,232.343,87,charge,24,2009.0
3.9859977032946867,1.5126768832916684,26.697878524289578,1.507,4.748,236.546,87,charge,24,2009.0
3.9870150810494085,1.5132644214636206,26.70200630897501,1.507,4.753,240.859,87,charge,24,2009.0
3.9879551913979645,1.513028922354133,26.683363676825266,1.507,4.753,245.062,87,charge,24,2009.0
3.9887607905246796,1.511249316287874,26.678653560625538,1.507,4.753,249.343,87,charge,24,2009.0
3.989498854819344,1.5131649116802839,26.661745696134588,1.507,4.753,253.562,87,charge,24,2009.0
3.9903805716683456,1.5133329886100975,26.659819300095524,1.507,4.753,257.828,87,charge,24,2009.0
3.991358998594387,1.5124025005828046,26.644026070009527,1.507,4.753,262.046,87,charge,24,2009.0
3.992164035441789,1.514368747343048,26.635021690808994,1.507,4.759,266.312,87,charge,24,2009.0
3.992782976347448,1.5140628112958292,26.632545930744815,1.507,4.759,270.531,87,charge,24,2009.0
3.993552810668514,1.513177002801988,26.61798565915775,1.507,4.759,274.812,87,charge,24,2009.0
3.9943477858856036,1.5115961295168143,26.612660440050618,1.506,4.759,279.015,87,charge,24,2009.0
3.995096331494942,1.5116981669648661,26.596042306668743,1.507,4.759,283.281,87,charge,24,2009.0
3.995969469304962,1.5134051526726269,26.594007677724115,1.507,4.759,287.515,87,charge,24,2009.0
3.9964554288731065,1.5116864269117263,26.577090298813598,1.507,4.759,291.718,87,charge,24,2009.0
3.99710641572806,1.5120388258973922,26.577126265384038,1.507,4.759,296.0,87,charge,24,2009.0
3.997724213339228,1.5095530520309537,26.563202803520547,1.507,4.764,300.218,87,charge,24,2009.0
3.9984009074355114,1.5117971663472192,26.559792064189583,1.507,4.764,304.484,87,charge,24,2009.0
3.9990175175181197,1.5112841241867845,26.547317606198924,1.507,4.764,308.703,87,charge,24,2009.0
3.9998767658571914,1.515756035360844,26.537127991629383,1.507,4.764,313.015,87,charge,24,2009.0
4.00038725096875,1.5136663934163215,26.534784005813243,1.507,4.764,317.281,87,charge,24,2009.0
4.000932949254648,1.5151792484479272,26.524416738215816,1.507,4.764,321.5,87,charge,24,2009.0
4.001373727355226,1.5111558833411396,26.521900457872675,1.506,4.764,325.765,87,charge,24,2009.0
4.001838137794268,1.5134591872801182,26.509215884028155,1.507,4.764,329.984,87,charge,24,2009.0
4.0025337198328135,1.5133956496770304,26.495562494620863,1.507,4.764,334.25,87,charge,24,2009.0
4.003045451355235,1.5135518031833168,26.497264325531845,1.507,4.764,338.468,87,charge,24,2009.0
4.003517302090518,1.5130137433271864,26.489077283096805,1.507,4.77,342.734,87,charge,24,2009.0
4.0040873690649965,1.5130092773795702,26.48392133162729,1.507,4.77,346.953,87,charge,24,2009.0
4.004688485154593,1.5121852445548234,26.471961325568888,1.507,4.77,351.218,87,charge,24,2009.0
4.0051812436653185,1.512880165076282,26.468472889972364,1.507,4.77,355.437,87,charge,24,2009.0
4.005473001281177,1.5128618816828312,26.45757174197963,1.507,4.77,359.703,87,charge,24,2009.0
4.006215871441938,1.5127705230093256,26.452188760606393,1.507,4.77,363.921,87,charge,24,2009.0
4.006625112453345,1.5125607454843795,26.43879490859605,1.507,4.77,368.156,87,charge,24,2009.0
4.007005025431978,1.513345108477866,26.44138511103681,1.507,4.77,372.375,87,charge,24,2009.0
4.007365618725348,1.5134265738657924,26.444946475395945,1.507,4.77,376.64,87,charge,24,2009.0
4.007983072618373,1.5138438981424809,26.436299165650837,1.507,4.77,380.843,87,charge,24,2009.0
4.00839939171391,1.514781751737738,26.41997277379381,1.507,4.77,385.109,87,charge,24,2009.0
4.008856932565423,1.51156002069512,26.418114057606484,1.507,4.77,389.312,87,charge,24,2009.0
4.009252974820589,1.5121041607776835,26.413230907561687,1.507,4.77,393.578,87,charge,24,2009.0
4.009565425673355,1.5124419778379299,26.404417884488556,1.507,4.775,397.812,87,charge,24,2009.0
4.010228263867957,1.5125831731897383,26.400167137933348,1.506,4.775,402.093,87,charge,24,2009.0
4.010744571584413,1.5119614653150906,26.398995682601385,1.507,4.775,406.312,87,charge,24,2009.0
4.011076773352563,1.512235097604412,26.38399256356535,1.507,4.775,410.593,87,charge,24,2009.0
4.011508636255436,1.5131356643090093,26.387408550540094,1.507,4.775,414.796,87,charge,24,2009.0
4.011854878335597,1.5144468003343001,26.381634406218343,1.507,4.775,419.062,87,charge,24,2009.0
4.012233496482204,1.5141928888681553,26.3765885590468,1.507,4.775,423.265,87,charge,24,2009.0
4.012779453948781,1.5116317410843054,26.3685725596722,1.507,4.775,427.546,87,charge,24,2009.0
4.013223822961847,1.5132777682927658,26.364165189024686,1.507,4.775,431.765,87,charge,24,2009.0
4.013603278567342,1.5126134888266265,26.348666469538717,1.507,4.775,436.046,87,charge,24,2009.0
4.014090808359435,1.5141023214345455,26.347758953340062,1.507,4.78,440.25,87,charge,24,2009.0
4.014658173087061,1.5124807516897412,26.341665727812135,1.507,4.775,444.468,87,charge,24,2009.0
4.0148397113557985,1.5124567987272413,26.351506581260818,1.507,4.775,448.687,87,charge,24,2009.0
4.015143141026365,1.5121680913163356,26.343925889868025,1.507,4.78,452.906,87,charge,24,2009.0
4.015711099114866,1.5135831827324406,26.336791576427096,1.507,4.78,457.14,87,charge,24,2009.0
4.016141254812065,1.5128745311057759,26.340033929984124,1.507,4.78,461.375,87,charge,24,2009.0
4.016435214072389,1.5150400449972414,26.33012822152742,1.507,4.78,465.64,87,charge,24,2009.0
4.016935104025687,1.5137867997122945,26.324436402584727,1.507,4.78,469.843,87,charge,24,2009.0
4.017289698164021,1.5129120851879072,26.319197966981143,1.507,4.78,474.125,87,charge,24,2009.0
4.017688242673277,1.5141960849177605,26.321103051773008,1.507,4.78,478.343,87,charge,24,2009.0
4.0180445564264495,1.5136684906509266,26.307446047172572,1.507,4.78,482.609,87,charge,24,2009.0
4.018705126206527,1.513873634845719,26.30511534631453,1.507,4.78,486.828,87,charge,24,2009.0
4.019161647274922,1.5129466128968787,26.305610581172623,1.507,4.78,491.093,87,charge,24,2009.0
4.019368784502246,1.5129254821765525,26.304839891396615,1.507,4.78,495.296,87,charge,24,2009.0
4.0198921631737035,1.5146120396370562,26.30014826291408,1.507,4.786,499.562,87,charge,24,2009.0
4.0201525592925655,1.5132715826944712,26.300957229509148,1.507,4.786,503.781,87,charge,24,2009.0
4.0207786256243985,1.5136801004040967,26.29533838621082,1.507,4.786,508.062,87,charge,24,2009.0
4.02121750973242,1.5120178760767855,26.288111993534862,1.507,4.786,512.281,87,charge,24,2009.0
4.021696035373059,1.5113993967833554,26.28110808444641,1.507,4.786,516.546,87,charge,24,2009.0
4.021948362142837,1.5134643429639485,26.28217886681957,1.507,4.786,520.765,87,charge,24,2009.0
4.02255540207082,1.513147080517593,26.286891212426365,1.507,4.786,525.031,87,charge,24,2009.0
4.022970526041264,1.5139873715251198,26.282718842692578,1.507,4.786,529.25,87,charge,24,2009.0
4.023389503312145,1.5138695402240503,26.27934151048735,1.507,4.786,533.531,87,charge,24,2009.0
4.023802629324112,1.5092136167621115,26.27515749872516,1.507,4.786,537.75,87,charge,24,2009.0
4.024226837305057,1.514597451856249,26.262349399057342,1.507,4.786,541.984,87,charge,24,2009.0
4.0245998314565465,1.5139187364129518,26.256711384952364,1.507,4.786,546.265,87,charge,24,2009.0
4.025071189470161,1.5128597243884965,26.268039184216118,1.507,4.786,550.468,87,charge,24,2009.0
4.025522665169467,1.5150489111735177,26.26662368035366,1.507,4.786,554.734,87,charge,24,2009.0
4.025980473383003,1.5116688667727727,26.26278123657619,1.507,4.786,558.953,87,charge,24,2009.0
4.026529771282597,1.5122821638596748,26.25584727005953,1.507,4.791,563.218,87,charge,24,2009.0
4.026866156346869,1.5132771088978905,26.253960158160968,1.507,4.791,567.421,87,charge,24,2009.0
4.027516282866799,1.5111338884562244,26.25081997083202,1.507,4.791,571.687,87,charge,24,2009.0
4.027700208791525,1.5133892854706896,26.25510670416209,1.506,4.791,575.906,87,charge,24,2009.0
4.028149802759505,1.5121900893278877,26.243749215265392,1.507,4.791,580.109,87,charge,24,2009.0
4.028795262968087,1.5136396310824034,26.246068589122107,1.507,4.791,584.343,87,charge,24,2009.0
4.029315972133758,1.5139977128972983,26.25466741277021,1.507,4.791,588.578,87,charge,24,2009.0
4.029515205417391,1.5117127089850197,26.250137619610513,1.507,4.791,592.843,87,charge,24,2009.0
4.030123124695707,1.5140728875313967,26.24782209043682,1.507,4.791,597.062,87,charge,24,2009.0
4.030692817768152,1.5148061736740495,26.240567529526103,1.507,4.791,601.328,87,charge,24,2009.0
4.031094033147616,1.5112410198695545,26.239603284522268,1.507,4.791,605.546,87,charge,24,2009.0
4.03139619054296,1.5129178844299511,26.236156358716844,1.507,4.797,609.812,87,charge,24,2009.0
4.0320334435964,1.512446426975804,26.24216591037209,1.507,4.797,614.015,87,charge,24,2009.0
4.032396498100311,1.5120717034134028,26.238752638496436,1.507,4.797,618.281,87,charge,24,2009.0
4.032898062089503,1.5121336015175988,26.237216088864415,1.507,4.797,622.515,87,charge,24,2009.0
4.033342069465851,1.5127117755915533,26.23436920678901,1.507,4.797,626.765,87,charge,24,2009.0
4.033788240631085,1.5117746343256138,26.228537901365613,1.507,4.797,630.984,87,charge,24,2009.0
4.034340930687182,1.5118021626726492,26.22764556734019,1.507,4.797,635.25,87,charge,24,2009.0
4.034827886579967,1.5128432752537784,26.233955068746525,1.507,4.797,639.453,87,charge,24,2009.0
4.035165643729264,1.512669702655475,26.235620312210855,1.507,4.797,643.687,87,charge,24,2009.0
4.035755160556858,1.5130225123121464,26.238971055881517,1.507,4.797,647.921,87,charge,24,2009.0
4.036236576139937,1.5132070354045772,26.24007456339855,1.507,4.797,652.14,87,charge,24,2009.0
4.036667338413234,1.512378349221955,26.228998087145907,1.507,4.797,656.406,87,charge,24,2009.0
4.037079544875314,1.5136054293289818,26.230772809122584,1.507,4.802,660.625,87,charge,24,2009.0
4.0375219062675445,1.5128873661761504,26.231822564850667,1.507,4.802,664.859,87,charge,24,2009.0
4.037975512472178,1.515076798005834,26.235437737325302,1.507,4.802,669.093,87,charge,24,2009.0
4.038355335563843,1.5136281565254026,26.22960852592062,1.507,4.802,673.421,87,charge,24,2009.0
4.038995607097097,1.5121536063600816,26.23843940441187,1.507,4.802,677.625,87,charge,24,2009.0
4.039398213407785,1.5126272235428162,26.225021671017082,1.507,4.802,681.859,87,charge,24,2009.0
4.039811181885806,1.5138843398238782,26.229699535964382,1.507,4.802,686.093,87,charge,24,2009.0
4.040321633398615,1.5130185811440005,26.226465937563407,1.507,4.802,690.312,87,charge,24,2009.0
4.040723606558713,1.5125071796546337,26.227837715431306,1.506,4.802,694.578,87,charge,24,2009.0
4.041248835993165,1.5125108791993385,26.221178384224476,1.507,4.807,698.796,87,charge,24,2009.0
4.0416084430796735,1.5124546438156876,26.228994937756035,1.507,4.807,703.062,87,charge,24,2009.0
4.042186539786439,1.5131734310588336,26.232570529310998,1.507,4.807,707.265,87,charge,24,2009.0
4.042578604065436,1.5114136625352106,26.22248824739148,1.507,4.802,711.531,87,charge,24,2009.0
4.042943130071778,1.5132387021291263,26.228417681681087,1.507,4.807,715.75,87,charge,24,2009.0
4.043498419061915,1.512973972113616,26.224287081400778,1.507,4.807,720.015,87,charge,24,2009.0
4.043923765265069,1.512001380221968,26.22752331703087,1.507,4.807,724.234,87,charge,24,2009.0
4.044474764960388,1.510548733587719,26.223598125495055,1.507,4.807,728.5,87,charge,24,2009.0
4.044899321692671,1.512836741205564,26.22509443233835,1.507,4.807,732.718,87,charge,24,2009.0
4.045537514779528,1.5114548001939623,26.225313424252764,1.507,4.807,737.015,87,charge,24,2009.0
4.045748960132511,1.51348821175296,26.224487488680257,1.507,4.807,741.234,87,charge,24,2009.0
4.046159565369609,1.512501395784411,26.231381075817673,1.506,4.807,745.5,87,charge,24,2009.0
4.046651053930797,1.5129047190603246,26.233078204426363,1.507,4.807,749.734,87,charge,24,2009.0
4.047123647893654,1.5136458239565678,26.228216227387787,1.507,4.807,754.0,87,charge,24,2009.0
4.047458105322146,1.5131511871759078,26.22718547496335,1.507,4.807,758.203,87,charge,24,2009.0
4.047773193372326,1.5129953317115579,26.2278911296469,1.507,4.813,762.468,87,charge,24,2009.0
4.048203651698522,1.5131334666613734,26.222306818323652,1.507,4.807,766.703,87,charge,24,2009.0
4.048897583775212,1.5140459637776096,26.222485834486037,1.507,4.813,770.968,87,charge,24,2009.0
4.049082062580402,1.5128908998843333,26.22155311000028,1.507,4.813,775.218,87,charge,24,2009.0
4.049771178432169,1.514315817762615,26.22298052855704,1.507,4.813,779.468,87,charge,24,2009.0
4.050100555516215,1.5127437453346295,26.2201982036022,1.507,4.813,783.703,87,charge,24,2009.0
4.050536792160505,1.5119322868050225,26.22471490600125,1.507,4.813,787.968,87,charge,24,2009.0
4.050846312289519,1.5123374557215066,26.235127184058637,1.507,4.813,792.187,87,charge,24,2009.0
4.051426186573136,1.5139754864277488,26.230785500522668,1.507,4.813,796.453,87,charge,24,2009.0
4.051681601910221,1.511976262140541,26.233040032745205,1.507,4.813,800.671,87,charge,24,2009.0
4.0521583763223115,1.5145724835400423,26.224631982144437,1.507,4.813,804.937,87,charge,24,2009.0
4.052627020291847,1.5114147010623944,26.22736340343563,1.507,4.813,809.14,87,charge,24,2009.0
4.0529439535384295,1.5132618345156514,26.227854466044224,1.507,4.818,813.437,87,charge,24,2009.0
4.053477260780291,1.5124858986464615,26.22854951167781,1.507,4.818,817.64,87,charge,24,2009.0
4.053710871474715,1.5126382121297977,26.230428120841783,1.507,4.818,821.906,87,charge,24,2009.0
4.054321095238936,1.5136215491854066,26.231905611538807,1.507,4.818,826.14,87,charge,24,2009.0
4.054713375715047,1.5139401177780498,26.23603543123255,1.507,4.818,830.39,87,charge,24,2009.0
4.055146942537135,1.511829917087232,26.226513677181348,1.507,4.818,834.609,87,charge,24,2009.0
4.055492183616931,1.5144482234678607,26.2372900747118,1.507,4.818,838.843,87,charge,24,2009.0
4.0557943209876575,1.5112004030434851,26.237759674286117,1.507,4.818,843.046,87,charge,24,2009.0
4.056339004427296,1.5139720811096495,26.240970698234076,1.507,4.818,847.25,87,charge,24,2009.0
4.056792978541604,1.5130598259450787,26.24059469539804,1.507,4.818,851.515,87,charge,24,2009.0
4.057160510268017,1.5129754091019882,26.23421221990042,1.507,4.818,855.718,87,charge,24,2009.0
4.057493572131718,1.512805738032526,26.23778169049366,1.507,4.824,859.984,87,charge,24,2009.0
4.057815274848088,1.5134322426944367,26.23878316106526,1.506,4.818,864.203,87,charge,24,2009.0
4.0583417517124785,1.513178370442532,26.23874163966378,1.507,4.824,868.468,87,charge,24,2009.0
4.058639899255221,1.513845502898039,26.241668150588282,1.507,4.824,872.671,87,charge,24,2009.0
4.059019776775807,1.5130756262154723,26.24617496433263,1.507,4.824,876.937,87,charge,24,2009.0
4.059568997168612,1.5136830136492296,26.24967728862445,1.507,4.824,881.156,87,charge,24,2009.0
4.059959567657116,1.512987112891086,26.25058623567057,1.507,4.824,885.359,87,charge,24,2009.0
4.06053300707134,1.5126682472841129,26.25246086096205,1.507,4.824,889.593,87,charge,24,2009.0
4.060677532141606,1.5135647520547646,26.24888222342414,1.507,4.824,893.812,87,charge,24,2009.0
4.061154112076768,1.5141096988832357,26.243865760450987,1.507,4.824,898.078,87,charge,24,2009.0
4.061644688613017,1.5138838887291453,26.24686015701464,1.507,4.824,902.296,87,charge,24,2009.0
4.061977026849957,1.5129584734821317,26.244822333955,1.507,4.824,906.562,87,charge,24,2009.0
4.062336117332847,1.5144949931395135,26.25245955720582,1.507,4.824,910.812,87,charge,24,2009.0
4.062570615723246,1.5142300794041996,26.25096795291524,1.507,4.824,915.078,87,charge,24,2009.0
4.0632480118225125,1.5118609258259268,26.260819773787563,1.507,4.829,919.296,87,charge,24,2009.0
4.0634901033214605,1.5133416710940375,26.258102817977775,1.507,4.829,923.562,87,charge,24,2009.0
4.064039748501815,1.5123891851073132,26.255671034059965,1.507,4.829,927.796,87,charge,24,2009.0
4.0642054029501855,1.513198283102024,26.266699884417633,1.507,4.829,932.062,87,charge,24,2009.0
4.064801602432541,1.5123382781720156,26.271245144018742,1.507,4.829,936.281,87,charge,24,2009.0
4.065228979183629,1.5139390929153593,26.26307167670485,1.507,4.829,940.515,87,charge,24,2009.0
4.065785717415183,1.514219801483007,26.26669946918949,1.507,4.829,944.765,87,charge,24,2009.0
4.065788560760968,1.513284756054927,26.266002310357262,1.507,4.829,948.968,87,charge,24,2009.0
4.0663384669302305,1.5125323938226898,26.26100874460671,1.507,4.829,953.234,87,charge,24,2009.0
4.066784154810127,1.511483137900238,26.271936037921236,1.507,4.829,957.468,87,charge,24,2009.0
4.067428380672287,1.5138651159627423,26.2797828782057,1.507,4.829,961.734,87,charge,24,2009.0
4.067568771528629,1.5127209213625787,26.276559503639994,1.507,4.829,965.937,87,charge,24,2009.0
4.067976368682452,1.5132394858463716,26.275169542830433,1.507,4.829,970.203,87,charge,24,2009.0
4.068479355357596,1.5151535679676857,26.276845214695093,1.507,4.829,974.437,87,charge,24,2009.0
4.068904283181412,1.5122599598150186,26.2832245559561,1.507,4.829,978.703,87,charge,24,2009.0
4.069191549737172,1.5131100294216544,26.27834486687659,1.507,4.829,982.921,87,charge,24,2009.0
4.069719298701086,1.513145033644235,26.270677503910633,1.507,4.834,987.187,87,charge,24,2009.0
4.07010237761822,1.5143942780123718,26.274837230551388,1.507,4.834,991.406,87,charge,24,2009.0
4.070365961141753,1.5123107923329333,26.28341653931213,1.507,4.834,995.671,87,charge,24,2009.0
4.0710611688393294,1.5117858855315183,26.28506808630416,1.507,4.834,999.875,87,charge,24,2009.0
4.0713673398400765,1.5140607499149097,26.29203695377613,1.507,4.834,1004.14,87,charge,24,2009.0
4.071656214366834,1.5141050841220052,26.292812558237536,1.507,4.834,1008.359,87,charge,24,2009.0
4.072263862632643,1.5130947037109348,26.29266550800657,1.507,4.834,1012.64,87,charge,24,2009.0
4.072695249225879,1.5128904016232996,26.289681366084515,1.507,4.834,1016.875,87,charge,24,2009.0
4.072983340401206,1.5122518478428237,26.292513552714993,1.507,4.834,1021.14,87,charge,24,2009.0
4.073393735765612,1.5122153050960248,26.296855569068562,1.507,4.834,1025.343,87,charge,24,2009.0
4.073993358983217,1.5120360579740888,26.291847989214162,1.507,4.834,1029.609,87,charge,24,2009.0
4.074448349155505,1.5118208599671186,26.29889589744438,1.507,4.834,1033.828,87,charge,24,2009.0
4.074692071474739,1.512477996282859,26.30638708528413,1.507,4.834,1038.093,87,charge,24,2009.0
4.074991566846484,1.5117566014352395,26.301853540175255,1.507,4.84,1042.328,87,charge,24,2009.0
4.075677767436277,1.5132951121272746,26.307446828287187,1.507,4.84,1046.593,87,charge,24,2009.0
4.075705165730509,1.5128523963657863,26.30847694728453,1.507,4.84,1050.828,87,charge,24,2009.0
4.076356863902554,1.5125311676606763,26.302927303765564,1.507,4.84,1055.093,87,charge,24,2009.0
4.076731700524529,1.5120042328110899,26.31141720516229,1.507,4.84,1059.328,87,charge,24,2009.0
4.077366392586353,1.5122903428528307,26.31027147345557,1.507,4.84,1063.531,87,charge,24,2009.0
4.077658541516671,1.5131608701066115,26.31499157617653,1.507,4.84,1067.859,87,charge,24,2009.0
4.078301243260616,1.5139007066529324,26.31518586205268,1.507,4.84,1072.125,87,charge,24,2009.0
4.07871259062318,1.5129949783044156,26.32177108869153,1.507,4.84,1076.343,87,charge,24,2009.0
4.0787988805497095,1.5128046000257023,26.31899305601436,1.507,4.84,1080.546,87,charge,24,2009.0
4.079506653674773,1.51206028123703,26.32567232139045,1.507,4.84,1084.812,87,charge,24,2009.0
4.07976939111354,1.5114596873143937,26.331092757416634,1.507,4.84,1089.031,87,charge,24,2009.0
4.0803349361245305,1.5115428875834753,26.336317036168406,1.507,4.84,1093.312,87,charge,24,2009.0
4.080574350821833,1.5120554191129312,26.334958252127407,1.507,4.845,1097.531,87,charge,24,2009.0
4.080999192245614,1.5152232664294398,26.327042464214,1.507,4.845,1101.796,87,charge,24,2009.0
4.0814588700939565,1.5129672120609174,26.33554702372507,1.507,4.845,1106.015,87,charge,24,2009.0
4.082060784819203,1.5127162435986847,26.34391313777137,1.507,4.845,1110.281,87,charge,24,2009.0
4.082533727918401,1.5132865465749485,26.342415840897843,1.507,4.845,1114.484,87,charge,24,2009.0
4.082947512328968,1.5123445398969049,26.340772205193133,1.507,4.845,1118.765,87,charge,24,2009.0
4.083400596310806,1.5126746638249033,26.346351170208422,1.507,4.845,1122.968,87,charge,24,2009.0
4.083761818881859,1.5127498802716546,26.341434842679792,1.507,4.845,1127.234,87,charge,24,2009.0
4.084120307984555,1.5130202821397418,26.351446619382735,1.507,4.845,1131.453,87,charge,24,2009.0
4.084651559893189,1.5135837367390674,26.357544399310747,1.507,4.845,1135.718,87,charge,24,2009.0
4.085299768350523,1.5136580670379811,26.355704835857694,1.507,4.845,1139.953,87,charge,24,2009.0
4.085505724109555,1.5125151384968367,26.357501987890263,1.507,4.851,1144.218,87,charge,24,2009.0
4.086006301442964,1.513580810573245,26.369002607094412,1.507,4.851,1148.437,87,charge,24,2009.0
4.086480124415143,1.511215934250738,26.362300641542348,1.507,4.851,1152.703,87,charge,24,2009.0
4.086888055207546,1.512933241991515,26.36678540557859,1.507,4.851,1156.921,87,charge,24,2009.0
4.087317468385876,1.5130550309094457,26.36659633094898,1.507,4.851,1161.187,87,charge,24,2009.0
4.087690497946589,1.5127926348932534,26.375805000417028,1.507,4.851,1165.39,87,charge,24,2009.0
4.088233310310223,1.5123512485910375,26.37274220833851,1.507,4.851,1169.656,87,charge,24,2009.0
4.088686698507369,1.5095991976444338,26.38408805767631,1.507,4.851,1173.859,87,charge,24,2009.0
4.089006861907995,1.514062753475461,26.385942611400573,1.507,4.851,1178.078,87,charge,24,2009.0
4.089684508870966,1.511862225832861,26.379532558183122,1.507,4.851,1182.312,87,charge,24,2009.0
4.089991789170487,1.5122250322065642,26.38512981785306,1.507,4.851,1186.531,87,charge,24,2009.0
4.090526618276107,1.5127014766115496,26.388740630408325,1.507,4.856,1190.796,87,charge,24,2009.0
4.090981358125893,1.5125182582480534,26.394760145305455,1.507,4.856,1195.125,87,charge,24,2009.0
4.091329226204918,1.514098730158805,26.39479256044511,1.507,4.856,1199.343,87,charge,24,2009.0
4.0918156711692095,1.5131670996886992,26.399918784771998,1.507,4.856,1203.625,87,charge,24,2009.0
4.092367541102372,1.5129220719884133,26.398519962469116,1.507,4.856,1207.843,87,charge,24,2009.0
4.092767202894119,1.5135191739035894,26.400326171126878,1.507,4.856,1212.125,87,charge,24,2009.0
4.0931354671269355,1.512680467782872,26.39935492804046,1.507,4.856,1216.343,87,charge,24,2009.0
4.093820246602093,1.5121773411134387,26.407073921841597,1.507,4.856,1220.609,87,charge,24,2009.0
4.0943255514222185,1.5129277593295933,26.408015238969718,1.507,4.856,1224.843,87,charge,24,2009.0
4.09456943049261,1.514075052581401,26.416933783849203,1.507,4.856,1229.109,87,charge,24,2009.0
4.095086835556171,1.5114970879604082,26.423069606329275,1.507,4.856,1233.328,87,charge,24,2009.0
4.09569391673914,1.5129333239562386,26.431051113544022,1.507,4.856,1237.531,87,charge,24,2009.0
4.095951431530171,1.5132605805357222,26.428204629905387,1.507,4.856,1241.781,87,charge,24,2009.0
4.096527148946254,1.5132002542551648,26.424282925274323,1.507,4.861,1246.0,87,charge,24,2009.0
4.097105880920632,1.5124617081729033,26.418758067150232,1.507,4.861,1250.265,87,charge,24,2009.0
4.097659100641624,1.51341215388916,26.42211657974167,1.507,4.861,1254.484,87,charge,24,2009.0
4.098107518977212,1.5135093562944606,26.438901351599974,1.507,4.861,1258.75,87,charge,24,2009.0
4.098553673308923,1.5116307128598037,26.440419004649783,1.507,4.861,1262.968,87,charge,24,2009.0
4.099014121172087,1.5144620065388446,26.450293090670144,1.507,4.861,1267.234,87,charge,24,2009.0
4.099465930405587,1.5126094363845612,26.44855742770741,1.507,4.861,1271.468,87,charge,24,2009.0
4.100013894256642,1.5130172440432115,26.451967780166584,1.507,4.861,1275.734,87,charge,24,2009.0
4.100381765222866,1.5131570060013868,26.45171592247045,1.507,4.861,1279.937,87,charge,24,2009.0
4.100934046565449,1.5123502125354287,26.449915180144984,1.507,4.867,1284.218,87,charge,24,2009.0
4.101405871225418,1.5135802449120535,26.45432088665832,1.507,4.867,1288.421,87,charge,24,2009.0
4.10193630473651,1.5123298169462593,26.472313319889448,1.507,4.861,1292.687,87,charge,24,2009.0
4.102330261072473,1.5131427131385446,26.48020137308607,1.507,4.867,1296.921,87,charge,24,2009.0
4.102886032149031,1.5130012954932588,26.485802540748413,1.507,4.867,1301.187,87,charge,24,2009.0
4.103562588401025,1.512191051488122,26.481268854682067,1.507,4.867,1305.421,87,charge,24,2009.0
4.104023549761493,1.5111731127497785,26.49369111355813,1.507,4.867,1309.687,87,charge,24,2009.0
4.104433291748922,1.5129200449496756,26.496951737489304,1.507,4.867,1313.921,87,charge,24,2009.0
4.104966414130234,1.5128384165930757,26.49395772140513,1.507,4.867,1318.125,87,charge,24,2009.0
4.105517170233172,1.5143033036345306,26.503905030782256,1.507,4.867,1322.343,87,charge,24,2009.0
4.105977904397317,1.5124481295435697,26.50723587225582,1.507,4.867,1326.609,87,charge,24,2009.0
4.106536898832851,1.5119740939550093,26.510059585938915,1.507,4.872,1330.843,87,charge,24,2009.0
4.106908328199941,1.512903274365222,26.51586469297626,1.507,4.872,1335.109,87,charge,24,2009.0
4.107418926770288,1.515918306056647,26.512766993247233,1.507,4.867,1339.328,87,charge,24,2009.0
4.107940036442753,1.5152651329914575,26.513857786393483,1.507,4.872,1343.593,87,charge,24,2009.0
4.108472358964557,1.512054799580334,26.518704067328468,1.507,4.872,1347.812,87,charge,24,2009.0
4.109160062294151,1.5133604379288115,26.51315094307859,1.507,4.872,1352.078,87,charge,24,2009.0
4.109643137504543,1.5131735499959107,26.52679620593918,1.507,4.872,1356.296,87,charge,24,2009.0
4.110041708857911,1.5135067069942572,26.52786275379593,1.507,4.872,1360.5,87,charge,24,2009.0
4.110514501838391,1.511188243906054,26.53178563320126,1.507,4.872,1364.734,87,charge,24,2009.0
4.111049784568325,1.512711127708845,26.531810785819875,1.507,4.872,1368.953,87,charge,24,2009.0
4.111726019147879,1.5127870785737898,26.53867263697006,1.507,4.872,1373.218,87,charge,24,2009.0
4.112058291654133,1.512389673166246,26.540046181627265,1.507,4.872,1377.437,87,charge,24,2009.0
4.112642030957244,1.512962460519661,26.552397466519857,1.507,4.878,1381.703,87,charge,24,2009.0
4.113207630714305,1.5132063250699666,26.5498136922052,1.507,4.872,1385.921,87,charge,24,2009.0
4.11376688678099,1.5129675151981496,26.556431637635164,1.507,4.878,1390.187,87,charge,24,2009.0
4.114302978290385,1.5134859070536715,26.544239385207884,1.507,4.878,1394.406,87,charge,24,2009.0
4.114807738149261,1.5127550124937228,26.556397037687667,1.507,4.878,1398.671,87,charge,24,2009.0
4.115424022062445,1.5140158291660573,26.559739254893735,1.507,4.878,1402.89,87,charge,24,2009.0
4.115941148736444,1.5136740900173353,26.56337885257999,1.507,4.878,1407.171,87,charge,24,2009.0
4.116164815177756,1.5136582979637017,26.567414470781245,1.506,4.878,1411.375,87,charge,24,2009.0
4.116705974117001,1.5121169609474394,26.568542452249712,1.507,4.878,1415.671,87,charge,24,2009.0
4.1174151985322585,1.5135669026413883,26.580729382804762,1.507,4.878,1419.89,87,charge,24,2009.0
4.118064207431766,1.5119105893949027,26.58201069342366,1.507,4.883,1424.14,87,charge,24,2009.0
4.118456323850597,1.5149036106068379,26.586024577058073,1.507,4.883,1428.375,87,charge,24,2009.0
4.119040253630218,1.5137078058631184,26.58684078466439,1.507,4.883,1432.593,87,charge,24,2009.0
4.11955821755477,1.5131197743042293,26.590795358972212,1.507,4.883,1436.812,87,charge,24,2009.0
4.120256692856852,1.5119210092462316,26.590785541784324,1.507,4.883,1441.062,87,charge,24,2009.0
4.120535268018399,1.514009986145943,26.59855071125075,1.507,4.883,1445.281,87,charge,24,2009.0
4.121362043307002,1.5125029589990724,26.59690185706742,1.507,4.883,1449.546,87,charge,24,2009.0
4.121671230356975,1.510907045028593,26.60149969390963,1.507,4.883,1453.765,87,charge,24,2009.0
4.122274525672322,1.512419899924517,26.612132912580474,1.507,4.883,1458.031,87,charge,24,2009.0
4.122717011958204,1.5130730030337043,26.607614491739092,1.507,4.883,1462.265,87,charge,24,2009.0
4.1235087036456815,1.5102542337081963,26.60544171706764,1.507,4.883,1466.531,87,charge,24,2009.0
4.123894933475378,1.5146460860777387,26.621291902108606,1.507,4.888,1470.75,87,charge,24,2009.0
4.124649567129275,1.5124263800259026,26.620703471710762,1.507,4.888,1475.015,87,charge,24,2009.0
4.125007382480328,1.512707636213242,26.621572976155672,1.507,4.888,1479.218,87,charge,24,2009.0
4.125515349206207,1.5140805252381386,26.625759409806456,1.507,4.888,1483.484,87,charge,24,2009.0
4.126033605211167,1.5133895999911857,26.62498258293587,1.507,4.888,1487.718,87,charge,24,2009.0
4.126816035397465,1.51339474145871,26.64359139712598,1.507,4.888,1491.984,87,charge,24,2009.0
4.127525391174652,1.5138319907707611,26.64398795308517,1.507,4.888,1496.218,87,charge,24,2009.0
4.128097695515934,1.511665825178143,26.650443291020032,1.507,4.888,1500.484,87,charge,24,2009.0
4.128490810260489,1.5134019184628402,26.65615002731151,1.507,4.888,1504.718,87,charge,24,2009.0
4.129058847462846,1.5141574653470125,26.659333325311685,1.507,4.894,1508.984,87,charge,24,2009.0
4.129606216371276,1.5113996611902942,26.667334944761464,1.507,4.894,1513.218,87,charge,24,2009.0
4.130248415118822,1.512136390850156,26.666492501940827,1.507,4.894,1517.484,87,charge,24,2009.0
4.130753788133345,1.5137488613886068,26.67599439398239,1.507,4.894,1521.718,87,charge,24,2009.0
4.131187502208098,1.5128432509350547,26.669953775243652,1.507,4.894,1525.984,87,charge,24,2009.0
4.131969534563108,1.512878987365885,26.67365452634699,1.507,4.894,1530.218,87,charge,24,2009.0
4.132473027684015,1.5122839764672462,26.681338747385386,1.507,4.894,1534.546,87,charge,24,2009.0
4.132998793332803,1.5125457507593087,26.69260992139641,1.507,4.894,1538.796,87,charge,24,2009.0
4.133631470979745,1.5126112655780173,26.695066156711647,1.507,4.894,1543.015,87,charge,24,2009.0
4.134283137872565,1.5141201276374208,26.701274422068092,1.507,4.894,1547.234,87,charge,24,2009.0
4.134878745874327,1.5139472873371582,26.713517947843354,1.507,4.899,1551.468,87,charge,24,2009.0
4.135380104472505,1.5125008121183097,26.718263293340158,1.507,4.899,1555.687,87,charge,24,2009.0
4.135866450589246,1.511648497904031,26.716301319157402,1.506,4.899,1559.953,87,charge,24,2009.0
4.136535204747864,1.5146926861075642,26.71625076568222,1.507,4.899,1564.171,87,charge,24,2009.0
4.137218669538939,1.513229975833839,26.722396487095104,1.507,4.899,1568.453,87,charge,24,2009.0
4.137743273074961,1.5125490653247415,26.73017214629182,1.507,4.899,1572.671,87,charge,24,2009.0
4.13835666931087,1.5124569413451392,26.726873405343554,1.507,4.899,1576.937,87,charge,24,2009.0
4.1390649078272626,1.5134294004419138,26.73728782240218,1.507,4.899,1581.14,87,charge,24,2009.0
4.139484102125974,1.5119263674348242,26.736787048523166,1.507,4.899,1585.421,87,charge,24,2009.0
4.140120907250154,1.5114630073837059,26.74264425363541,1.507,4.905,1589.625,87,charge,24,2009.0
4.140703386580756,1.5132308338539404,26.743640022388167,1.507,4.905,1593.843,87,charge,24,2009.0
4.14152467917853,1.5124293934911985,26.74912602341902,1.507,4.905,1598.125,87,charge,24,2009.0
4.141786875181487,1.5131630813924932,26.757849533060337,1.507,4.905,1602.359,87,charge,24,2009.0
4.142600791605977,1.5138056117120164,26.75630089271319,1.507,4.905,1606.625,87,charge,24,2009.0
4.1431383572254745,1.5135980621077165,26.762877601925833,1.507,4.905,1610.828,87,charge,24,2009.0
4.14371049173673,1.5121316630910793,26.768494199191753,1.507,4.905,1615.109,87,charge,24,2009.0
4.144473906310438,1.5131965670218714,26.775581769381077,1.507,4.905,1619.343,87,charge,24,2009.0
4.144954484460579,1.5125116244396528,26.780777766622005,1.507,4.91,1623.609,87,charge,24,2009.0
4.145639750739971,1.512428139776041,26.78486466390436,1.507,4.91,1627.828,87,charge,24,2009.0
4.146129744774354,1.5119160477577835,26.7835560991252,1.507,4.91,1632.031,87,charge,24,2009.0
4.146884660296286,1.511388983350729,26.790025930707348,1.507,4.91,1636.281,87,charge,24,2009.0
4.147592157695872,1.5128688214084467,26.795343736975692,1.507,4.91,1640.5,87,charge,24,2009.0
4.14802014234502,1.5127385916504565,26.811352412189702,1.507,4.91,1644.781,87,charge,24,2009.0
4.1488782696221165,1.5145868970183411,26.82453241843871,1.507,4.91,1649.0,87,charge,24,2009.0
4.14918877688937,1.5143190674298745,26.811374703474847,1.507,4.91,1653.265,87,charge,24,2009.0
4.150099798539985,1.5141547053146311,26.824618569878353,1.507,4.915,1657.5,87,charge,24,2009.0
4.150436066256401,1.514844724815277,26.833697273663695,1.507,4.915,1661.765,87,charge,24,2009.0
4.1511017139668525,1.5122341918365363,26.833193796765073,1.507,4.915,1666.0,87,charge,24,2009.0
4.151922878889847,1.5149298236432889,26.83426494995177,1.507,4.915,1670.265,87,charge,24,2009.0
4.152514639214074,1.5126027510939999,26.84739616568055,1.507,4.915,1674.5,87,charge,24,2009.0
4.15279290455783,1.512194322080988,26.852024504411848,1.507,4.915,1678.718,87,charge,24,2009.0
4.153740969971904,1.5138635224947878,26.85955947706128,1.507,4.915,1683.031,87,charge,24,2009.0
4.154246023481274,1.5115555365209676,26.859969144122164,1.507,4.915,1687.234,87,charge,24,2009.0
4.154811348676798,1.5117851780634923,26.86571883526671,1.507,4.915,1691.468,87,charge,24,2009.0
4.155735269260546,1.5140001649226138,26.868118941703703,1.506,4.921,1695.703,87,charge,24,2009.0
4.156177815166911,1.5124741917426066,26.867409160321962,1.507,4.921,1699.937,87,charge,24,2009.0
4.156677906442446,1.512671797207121,26.87776586003944,1.507,4.921,1704.203,87,charge,24,2009.0
4.157375772898114,1.5129471561873178,26.87779066362258,1.507,4.921,1708.421,87,charge,24,2009.0
4.1580457453884,1.514069618542372,26.87993192430074,1.507,4.921,1712.703,87,charge,24,2009.0
4.158606742564167,1.5119570369580688,26.88372322492384,1.507,4.921,1716.921,87,charge,24,2009.0
4.159499635243427,1.515339937494641,26.887469534847988,1.507,4.921,1721.203,87,charge,24,2009.0
4.1599278847169945,1.5125442350437321,26.899015380043053,1.507,4.921,1725.437,87,charge,24,2009.0
4.160526519203291,1.5114495151469232,26.90972773970578,1.507,4.921,1729.718,87,charge,24,2009.0
4.161448737352024,1.511585350884478,26.904833502885193,1.507,4.926,1733.953,87,charge,24,2009.0
4.162026578461205,1.5133761610871592,26.91667556780692,1.507,4.926,1738.234,87,charge,24,2009.0
4.162806646779918,1.5138307938153928,26.911630563482397,1.507,4.926,1742.468,87,charge,24,2009.0
4.1634241344331535,1.5129858081591774,26.91609356510386,1.507,4.926,1746.734,87,charge,24,2009.0
4.163998167164337,1.5127758678039258,26.923191856716155,1.507,4.926,1750.984,87,charge,24,2009.0
4.1644898556648355,1.5144566158903972,26.927575600871357,1.507,4.926,1755.25,87,charge,24,2009.0
4.165327214558309,1.515332882791993,26.936773488476458,1.507,4.926,1759.484,87,charge,24,2009.0
4.1660655669429065,1.5129265874375963,26.944182189061355,1.507,4.926,1763.765,87,charge,24,2009.0
4.16656118882299,1.5138845064647448,26.949115859042504,1.507,4.926,1768.0,87,charge,24,2009.0
4.167307588794245,1.5139870615137545,26.957014548099394,1.507,4.932,1772.281,87,charge,24,2009.0
4.167960288143533,1.511680515303137,26.956031468239402,1.507,4.932,1776.562,87,charge,24,2009.0
4.168732372859494,1.511967364963217,26.96651104440482,1.507,4.932,1780.796,87,charge,24,2009.0
4.169061065753471,1.5119677207669655,26.974903343997884,1.507,4.932,1785.078,87,charge,24,2009.0
4.169985287267848,1.5129924562070458,26.973667971492013,1.507,4.932,1789.312,87,charge,24,2009.0
4.170702058063074,1.5134059259781014,26.97419387321356,1.507,4.932,1793.593,87,charge,24,2009.0
4.1713467314308055,1.511573631046958,26.98322791147029,1.507,4.932,1797.828,87,charge,24,2009.0
4.172067593391443,1.5124243514153892,26.990414014534647,1.507,4.937,1802.109,87,charge,24,2009.0
4.1727337593364835,1.5121880313371228,26.999091512402742,1.507,4.937,1806.343,87,charge,24,2009.0
4.173298646350765,1.514630740617376,27.005384797913102,1.507,4.937,1810.625,87,charge,24,2009.0
4.173915126311162,1.5160017788802416,26.996188440861552,1.507,4.937,1814.843,87,charge,24,2009.0
4.174838762449407,1.5136981923867812,27.01393410731468,1.507,4.937,1819.125,87,charge,24,2009.0
4.175251304143032,1.5129202587419721,27.009886272080017,1.507,4.937,1823.359,87,charge,24,2009.0
4.176103992676709,1.5117457960240417,27.0216275504269,1.507,4.937,1827.64,87,charge,24,2009.0
4.176778149221626,1.514591278132074,27.024283540082376,1.507,4.942,1831.875,87,charge,24,2009.0
4.177491987155821,1.5137157917177662,27.03362791402297,1.507,4.937,1836.156,87,charge,24,2009.0
4.178017112814601,1.5120512057790485,27.03846540429932,1.507,4.942,1840.39,87,charge,24,2009.0
4.178866875939864,1.5124151434733468,27.039715055843303,1.507,4.942,1844.671,87,charge,24,2009.0
4.17937051347186,1.5128695630236246,27.042824720069984,1.507,4.942,1848.89,87,charge,24,2009.0
4.180261421747066,1.5144292783674336,27.05640712218497,1.507,4.942,1853.171,87,charge,24,2009.0
4.180858624057153,1.5143042812859373,27.058635927238115,1.507,4.942,1857.406,87,charge,24,2009.0
4.181563565181165,1.5127056951810252,27.07345123872563,1.507,4.942,1861.625,87,charge,24,2009.0
4.182039361551635,1.513353090868819,27.07217984873318,1.507,4.942,1865.875,87,charge,24,2009.0
4.1828301352523125,1.512203574731041,27.083433063502394,1.507,4.942,1870.156,87,charge,24,2009.0
4.183563801882298,1.5129750066768655,27.089122642726192,1.507,4.948,1874.39,87,charge,24,2009.0
4.184161114810231,1.5152600280243405,27.102832873336823,1.507,4.948,1878.671,87,charge,24,2009.0
4.184941193114251,1.5135980596398813,27.101518173548307,1.507,4.948,1882.89,87,charge,24,2009.0
4.185797517439123,1.512699547625445,27.101804816603938,1.507,4.948,1887.171,87,charge,24,2009.0
4.186430616813125,1.5146427568509961,27.10587457396085,1.507,4.948,1891.406,87,charge,24,2009.0
4.187113939183213,1.512251493156013,27.10993337957451,1.507,4.948,1895.687,87,charge,24,2009.0
4.1877094751957955,1.511871382264309,27.119048155567405,1.507,4.953,1899.906,87,charge,24,2009.0
4.188559194273554,1.5114121109813081,27.120948115525888,1.507,4.953,1904.187,87,charge,24,2009.0
4.189390906966798,1.5151881442617827,27.130814451561008,1.507,4.953,1908.421,87,charge,24,2009.0
4.189766933875448,1.5132220752334227,27.135730896100423,1.507,4.953,1912.703,87,charge,24,2009.0
4.1906001787253295,1.5128774255748385,27.1399349199272,1.507,4.953,1916.937,87,charge,24,2009.0
4.191539659306467,1.5133562832657679,27.147214601204507,1.507,4.953,1921.203,87,charge,24,2009.0
4.1921352203607025,1.513191892874018,27.15525382956387,1.507,4.953,1925.437,87,charge,24,2009.0
4.192789614812404,1.5126587232440987,27.16088890836633,1.507,4.953,1929.75,87,charge,24,2009.0
4.193510692698664,1.5111725628432662,27.16503426623609,1.507,4.959,1933.984,87,charge,24,2009.0
4.194345635365505,1.5142912224946816,27.18032416950003,1.507,4.959,1938.265,87,charge,24,2009.0
4.194991474835603,1.5124316086545213,27.18806664722087,1.507,4.959,1942.5,87,charge,24,2009.0
4.195602751234094,1.5122761130782816,27.190805362432233,1.507,4.959,1946.718,87,charge,24,2009.0
4.196306469808045,1.5127323077970287,27.193913191869328,1.507,4.959,1950.984,87,charge,24,2009.0
4.1972273683719425,1.5119794948249652,27.202435065311022,1.507,4.959,1955.218,87,charge,24,2009.0
4.197907077117222,1.513018604927318,27.21263643661509,1.507,4.964,1959.484,87,charge,24,2009.0
4.198525939043696,1.511650096359996,27.216725679218648,1.507,4.964,1963.703,87,charge,24,2009.0
4.199249192210021,1.5129284600963762,27.22004675105127,1.507,4.964,1967.968,87,charge,24,2009.0
4.200069915643575,1.511938144283944,27.221894711931405,1.507,4.964,1972.187,87,charge,24,2009.0
4.197559285798481,1.4877144843748042,27.22467375494649,1.482,4.948,1976.781,87,charge,24,2009.0
4.197946035520959,1.4874464052916943,27.2390047045507,1.482,4.948,1981.093,87,charge,24,2009.0
4.1982533522982255,1.4860105845362916,27.245682715504024,1.481,4.948,1985.421,87,charge,24,2009.0
4.198944566196713,1.485503822914988,27.252627161773155,1.479,4.948,1989.812,87,charge,24,2009.0
4.199367963553897,1.4878796439371458,27.254222187611443,1.479,4.948,1994.187,87,charge,24,2009.0
4.199693339832862,1.4826187519759604,27.26207100315492,1.478,4.948,1998.5,87,charge,24,2009.0
4.1990427438578095,1.475326333069366,27.26157251067268,1.468,4.942,2002.843,87,charge,24,2009.0
4.198428426781218,1.4669891574526273,27.26422005208781,1.459,4.937,2007.234,87,charge,24,2009.0
4.198768598417903,1.4652637574785559,27.275714904623367,1.459,4.937,2011.609,87,charge,24,2009.0
4.19933123516,1.4638959278911483,27.27873975550746,1.457,4.937,2015.921,87,charge,24,2009.0
4.19973578174857,1.4624996387929154,27.28749236506822,1.456,4.937,2020.281,87,charge,24,2009.0
4.198890719399706,1.4545353738296263,27.300166613312427,1.446,4.932,2024.656,87,charge,24,2009.0
4.199559877142032,1.4534244359484398,27.297499751297277,1.445,4.932,2029.031,87,charge,24,2009.0
4.198598062899406,1.4425513075779337,27.306376343802004,1.437,4.926,2033.343,87,charge,24,2009.0
4.1989588774912185,1.443131617844572,27.3183491741456,1.435,4.926,2037.687,87,charge,24,2009.0
4.199220918607545,1.438995600274114,27.32550710611352,1.435,4.926,2042.093,87,charge,24,2009.0
4.199859569000106,1.4413980087285714,27.3218951985,1.434,4.926,2046.468,87,charge,24,2009.0
4.198983358669411,1.4299494540529956,27.326070707578,1.424,4.921,2050.859,87,charge,24,2009.0
4.19954692735853,1.4300970607569068,27.331474947438974,1.424,4.921,2055.171,87,charge,24,2009.0
4.199773264393442,1.4276565281657263,27.341152456176122,1.423,4.921,2059.515,87,charge,24,2009.0
4.199214099017744,1.4204906038582066,27.33720800556682,1.413,4.915,2063.89,87,charge,24,2009.0
4.199792516738614,1.4194670008459258,27.341259774947435,1.413,4.915,2068.281,87,charge,24,2009.0
4.198795519692928,1.4102303433127563,27.353598631156842,1.404,4.91,2072.593,87,charge,24,2009.0
4.198932415048662,1.4078081759191416,27.356792616471076,1.404,4.91,2076.921,87,charge,24,2009.0
4.199483019602749,1.405982069512075,27.355208333402015,1.402,4.91,2081.296,87,charge,24,2009.0
4.199935821136134,1.4077839749027177,27.365598984951212,1.402,4.91,2085.703,87,charge,24,2009.0
4.199366714494197,1.3986143303022633,27.367399693639772,1.392,4.905,2090.015,87,charge,24,2009.0
4.199483180949343,1.4002239067504485,27.36740145798861,1.391,4.905,2094.343,87,charge,24,2009.0
4.199797535993649,1.3977924427646855,27.369998114628963,1.391,4.905,2098.718,87,charge,24,2009.0
4.199188492533844,1.3850644262187024,27.37724754010937,1.381,4.899,2103.046,87,charge,24,2009.0
4.19953925780142,1.3859617976962557,27.378555231821938,1.381,4.899,2107.437,87,charge,24,2009.0
4.199636787557296,1.385462275398869,27.3825610017022,1.38,4.899,2111.812,87,charge,24,2009.0
4.199081359634279,1.3765012903681288,27.3857598457857,1.37,4.894,2116.125,87,charge,24,2009.0
4.199443104964238,1.3748430124569682,27.385128085554864,1.37,4.894,2120.453,87,charge,24,2009.0
4.199723131881682,1.375653794377482,27.38931492429068,1.369,4.894,2124.828,87,charge,24,2009.0
4.198951194803967,1.3649941024074854,27.39189163526997,1.359,4.888,2129.171,87,charge,24,2009.0
4.199265319508857,1.3643352391143821,27.392722757658785,1.359,4.888,2133.5,87,charge,24,2009.0
4.199582414149459,1.3652161764699369,27.403623179620368,1.358,4.888,2137.875,87,charge,24,2009.0
4.199005387933439,1.3539578336116178,27.406577382814767,1.35,4.883,2142.25,87,charge,24,2009.0
4.199137573448166,1.3537856811605096,27.416293581942636,1.348,4.883,2146.546,87,charge,24,2009.0
4.199370468544888,1.3516927444699904,27.42323299427128,1.348,4.883,2150.875,87,charge,24,2009.0
4.199994113165169,1.35417528235627,27.4196682868465,1.347,4.883,2155.265,87,charge,24,2009.0
4.199057576792066,1.3435865910207865,27.42223641257829,1.337,4.878,2159.64,87,charge,24,2009.0
4.199306969193134,1.3425079280949628,27.435665985170214,1.337,4.878,2163.953,87,charge,24,2009.0
4.199866085347199,1.3434459066950375,27.436337897410876,1.337,4.878,2168.312,87,charge,24,2009.0
4.200069212044927,1.3398670024117048,27.437413956201578,1.336,4.878,2172.687,87,charge,24,2009.0
4.200437447896928,1.3396671174399095,27.429482132085326,1.335,4.878,2177.062,87,charge,24,2009.0
4.2006027218285915,1.3403839763219625,27.439729538207022,1.335,4.878,2181.375,87,charge,24,2009.0
4.200083675485207,1.3314005346219246,27.442827371715847,1.325,4.872,2185.703,87,charge,24,2009.0
4.199170457683632,1.321647983404675,27.446736535644973,1.315,4.867,2190.093,87,charge,24,2009.0
4.199451395246735,1.320162369507502,27.45527056294788,1.315,4.867,2194.468,87,charge,24,2009.0
4.199727223935673,1.3197723412618294,27.453754877533115,1.314,4.867,2198.781,87,charge,24,2009.0
4.200142492911343,1.3198544086553363,27.437367118013206,1.314,4.867,2203.187,87,charge,24,2009.0
4.2004529382172455,1.316567439333007,27.44962662538655,1.312,4.867,2207.562,87,charge,24,2009.0
4.200805448414021,1.3176117526821423,27.4604215541932,1.312,4.867,2211.859,87,charge,24,2009.0
4.200109097228379,1.3100973192116974,27.46602766276611,1.303,4.861,2216.234,87,charge,24,2009.0
4.199464038171921,1.30027761734143,27.458813666368204,1.293,4.856,2220.609,87,charge,24,2009.0
4.19963932275309,1.2968319992227737,27.46914195350546,1.293,4.856,2224.906,87,charge,24,2009.0
4.199845539710346,1.2983873023670398,27.462951898481325,1.293,4.856,2229.234,87,charge,24,2009.0
4.199864431910693,1.2962927134013003,27.465626652937196,1.292,4.856,2233.625,87,charge,24,2009.0
4.200418554238255,1.2964807039527508,27.478204627990948,1.292,4.856,2238.0,87,charge,24,2009.0
4.200737374447618,1.2970440962685832,27.48446678709065,1.29,4.856,2242.312,87,charge,24,2009.0
4.200140085755977,1.2881958778944718,27.479810410216725,1.282,4.851,2246.671,87,charge,24,2009.0
4.20017534240895,1.2861445249505823,27.483540164573597,1.281,4.851,2251.046,87,charge,24,2009.0
4.200531176089477,1.2868629759010313,27.48744650855305,1.281,4.851,2255.421,87,charge,24,2009.0
4.201045275834271,1.2839307243863387,27.49164725391292,1.281,4.851,2259.734,87,charge,24,2009.0
4.200008096103537,1.2769346793496468,27.49707078289318,1.271,4.845,2264.062,87,charge,24,2009.0
4.200370755440252,1.274630949228511,27.502627537266736,1.27,4.845,2268.453,87,charge,24,2009.0
4.200720487823315,1.275807899529102,27.50841017051009,1.27,4.845,2272.875,87,charge,24,2009.0
4.199862758608927,1.2649009954647545,27.51184367222935,1.26,4.84,2277.171,87,charge,24,2009.0
4.200069932688154,1.265118549436218,27.526049927022754,1.26,4.84,2281.546,87,charge,24,2009.0
4.200545902477894,1.2645400279688148,27.520363273274043,1.259,4.84,2285.859,87,charge,24,2009.0
4.20083165269575,1.261901062449462,27.52589770186498,1.259,4.84,2290.203,87,charge,24,2009.0
4.199925079517432,1.2557547366331325,27.525994477877916,1.249,4.834,2294.578,87,charge,24,2009.0
4.199072764568352,1.2444657755366269,27.538962745371048,1.239,4.829,2298.953,87,charge,24,2009.0
4.199198867348541,1.2453033736611805,27.53421207433523,1.239,4.829,2303.265,87,charge,24,2009.0
4.199588240691339,1.2437609164041994,27.543125163485406,1.239,4.829,2307.609,87,charge,24,2009.0
4.199775196100413,1.2417397957171177,27.544464210963916,1.238,4.829,2312.0,87,charge,24,2009.0
4.200016240894969,1.2430492206367592,27.541286839813516,1.238,4.829,2316.375,87,charge,24,2009.0
4.2003719238480235,1.2400438837058063,27.54621245118181,1.238,4.829,2320.687,87,charge,24,2009.0
4.200538189271004,1.242038579110616,27.54630292752028,1.237,4.829,2325.015,87,charge,24,2009.0
4.201303194610332,1.241585839358001,27.55195246145538,1.237,4.829,2329.406,87,charge,24,2009.0
4.200151006401279,1.232331180873829,27.55224756878955,1.227,4.824,2334.125,87,charge,24,2009.0
4.200158622767478,1.2316274998820687,27.5638137173365,1.226,4.824,2338.593,87,charge,24,2009.0
4.200594756825386,1.2303143065272442,27.56458067979433,1.226,4.824,2343.062,87,charge,24,2009.0
4.199944998587111,1.2208026781057744,27.572042112414415,1.216,4.818,2347.546,87,charge,24,2009.0
4.200253013171414,1.2202835807448884,27.565641278246712,1.216,4.818,2352.031,87,charge,24,2009.0
4.200350242050745,1.220099342534472,27.569085054252255,1.216,4.818,2356.531,87,charge,24,2009.0
4.200822492539212,1.2187128546144703,27.57250106230512,1.214,4.818,2361.0,87,charge,24,2009.0
4.1997074303197355,1.2118906655334192,27.57408508710121,1.205,4.813,2365.468,87,charge,24,2009.0
4.2002190248177556,1.2109063536593596,27.576587185496102,1.205,4.813,2369.953,87,charge,24,2009.0
4.200491146795012,1.2101171046168302,27.587307019729547,1.205,4.813,2374.406,87,charge,24,2009.0
4.200808689483771,1.2090396670027102,27.587067685760452,1.203,4.813,2378.906,87,charge,24,2009.0
4.199967601103542,1.1997938135368373,27.589112850966593,1.195,4.807,2383.375,87,charge,24,2009.0
4.200228572978942,1.1992565826534403,27.593872695247395,1.195,4.807,2387.875,87,charge,24,2009.0
4.200418075865315,1.1998974337050636,27.602820020920316,1.194,4.807,2392.343,87,charge,24,2009.0
4.200599382985736,1.1967666544877802,27.613045043001353,1.194,4.807,2396.843,87,charge,24,2009.0
4.199582383350554,1.1879693267105607,27.609328498753168,1.184,4.802,2401.328,87,charge,24,2009.0
4.199809514313942,1.1882379521657198,27.610990512130964,1.183,4.802,2405.796,87,charge,24,2009.0
4.200351763257874,1.1875772980788417,27.619114489523753,1.183,4.802,2410.296,87,charge,24,2009.0
4.200459573931254,1.186847912382917,27.618924623740337,1.183,4.802,2414.765,87,charge,24,2009.0
4.20076273766434,1.1833866677805518,27.630932971014563,1.181,4.802,2419.265,87,charge,24,2009.0
4.199911019778164,1.1764978105367687,27.638993979551604,1.173,4.797,2423.734,87,charge,24,2009.0
4.200334603421125,1.1772636146760265,27.63776027544558,1.172,4.797,2428.218,87,charge,24,2009.0
4.200389134223998,1.1764176784462854,27.63263900585031,1.172,4.797,2432.718,87,charge,24,2009.0
4.200750941661389,1.17602219987514,27.646188583519073,1.172,4.797,2437.218,87,charge,24,2009.0
4.200930908420168,1.1753220162819025,27.641787563535583,1.17,4.797,2441.687,87,charge,24,2009.0
4.20137391066559,1.1737270700813447,27.654799590533845,1.17,4.791,2446.156,87,charge,24,2009.0
4.20167561204789,1.1747511433995435,27.664823447400977,1.17,4.797,2450.64,87,charge,24,2009.0
4.200793826624645,1.1658869718190985,27.664752408895463,1.161,4.791,2455.109,87,charge,24,2009.0
4.1997648908220535,1.1553998097781029,27.666045316594925,1.151,4.786,2459.609,87,charge,24,2009.0
4.200010283516482,1.1564748826427855,27.678296416532465,1.151,4.786,2464.093,87,charge,24,2009.0
4.2004659797934885,1.1554511673775234,27.680168042080478,1.151,4.786,2468.578,87,charge,24,2009.0
4.200731407783794,1.1557625884261535,27.678972761221114,1.15,4.786,2473.046,87,charge,24,2009.0
4.201006428873004,1.1532319492505332,27.694030739356432,1.15,4.78,2477.515,87,charge,24,2009.0
4.201193979619888,1.1531871046261113,27.690404048867975,1.148,4.786,2482.0,87,charge,24,2009.0
4.201584223057645,1.151869440319501,27.69655619925926,1.148,4.786,2486.5,87,charge,24,2009.0
4.200514371943538,1.1451555557738262,27.70495508385739,1.139,4.78,2491.0,87,charge,24,2009.0
4.20072754959357,1.1414729910397634,27.71897226435061,1.137,4.78,2495.468,87,charge,24,2009.0
4.19975923122166,1.1317929699210947,27.711033289750034,1.129,4.775,2499.937,87,charge,24,2009.0
4.199042465401126,1.1252745562940645,27.719437814028126,1.119,4.77,2504.406,87,charge,24,2009.0
4.1991828668652555,1.1243874772926552,27.73783168000535,1.119,4.77,2508.875,87,charge,24,2009.0
4.199356219433198,1.124248474708777,27.725137003085223,1.119,4.764,2513.359,87,charge,24,2009.0
4.199766942188888,1.1234572265647842,27.731974193779756,1.119,4.77,2517.859,87,charge,24,2009.0
4.1998025000765224,1.1235339765257542,27.738944637098506,1.118,4.77,2522.328,87,charge,24,2009.0
4.2002401060120205,1.120638135954641,27.741954259713523,1.118,4.77,2526.796,87,charge,24,2009.0
4.2004562839243365,1.120740155557111,27.73856520798733,1.118,4.77,2531.218,87,charge,24,2009.0
4.200835925709977,1.1206851838139842,27.743641682449212,1.117,4.764,2535.718,87,charge,24,2009.0
4.20080371300803,1.121029951101778,27.749694790654363,1.117,4.77,2540.187,87,charge,24,2009.0
4.20122266102544,1.1196760664797332,27.7597063315772,1.115,4.77,2544.687,87,charge,24,2009.0
4.2016029055650534,1.119273853389798,27.770132928733176,1.115,4.77,2549.156,87,charge,24,2009.0
4.200805964608719,1.1093905057061715,27.772546880864784,1.105,4.764,2553.625,87,charge,24,2009.0
4.199666842025138,1.1006076160432292,27.783542950687295,1.096,4.759,2558.109,87,charge,24,2009.0
4.200039095942077,1.098488759317701,27.785565437688046,1.096,4.759,2562.562,87,charge,24,2009.0
4.200247862364073,1.1005659001036028,27.78395678068971,1.094,4.759,2567.062,87,charge,24,2009.0
4.200496330732366,1.0998556985362378,27.78499539267868,1.094,4.759,2571.562,87,charge,24,2009.0
4.200582368162856,1.0995729940530357,27.7971234567293,1.094,4.759,2576.031,87,charge,24,2009.0
4.201032719331984,1.0988185271976965,27.80066892963126,1.094,4.759,2580.5,87,charge,24,2009.0
4.199162518109563,1.0807107537054208,27.805487863903142,1.076,4.748,2584.968,87,charge,24,2009.0
4.199158273815762,1.0790266958910755,27.814207366704704,1.075,4.748,2589.437,87,charge,24,2009.0
4.199577974539449,1.0794558629359086,27.810979796641966,1.075,4.748,2593.906,87,charge,24,2009.0
4.19971077776348,1.07808049940184,27.818188651594518,1.075,4.743,2598.375,87,charge,24,2009.0
4.198692493154848,1.0688969091553517,27.819371897392823,1.065,4.743,2602.875,87,charge,24,2009.0
4.199220151994202,1.0709237509009588,27.817666846589486,1.065,4.737,2607.343,87,charge,24,2009.0
4.199388308316825,1.0692072634793506,27.823766735700804,1.065,4.743,2611.828,87,charge,24,2009.0
4.19957035879808,1.0692140568603044,27.825865265261857,1.064,4.743,2616.328,87,charge,24,2009.0
4.198689074188,1.06015292517944,27.827997272596864,1.056,4.737,2620.796,87,charge,24,2009.0
4.198911018109005,1.057969606187496,27.837793985562048,1.056,4.737,2625.265,87,charge,24,2009.0
4.199189525332692,1.0596379813200965,27.847166957205122,1.056,4.737,2629.75,87,charge,24,2009.0
4.199624953456729,1.0586280921165554,27.85087030938306,1.054,4.737,2634.562,87,charge,24,2009.0
4.198590029312809,1.0482553071474907,27.86012154157362,1.045,4.732,2639.187,87,charge,24,2009.0
4.198764418235404,1.0480802809888192,27.85434106164194,1.045,4.732,2643.75,87,charge,24,2009.0
4.198964936294238,1.049393661370824,27.86247974362267,1.045,4.732,2648.343,87,charge,24,2009.0
4.199270500771506,1.048602652322443,27.869078842997883,1.043,4.732,2652.937,87,charge,24,2009.0
4.199620818186119,1.047922933204667,27.868699049552767,1.043,4.732,2657.515,87,charge,24,2009.0
4.200132830271441,1.0467955744473705,27.876730165518023,1.042,4.732,2662.156,87,charge,24,2009.0
4.200201556975204,1.0458065497575892,27.87471331819285,1.042,4.732,2666.765,87,charge,24,2009.0
4.200518173361064,1.0458447759270284,27.87677831983398,1.042,4.726,2671.375,87,charge,24,2009.0
4.199916989147876,1.0379627215061733,27.884421431652957,1.032,4.726,2675.937,87,charge,24,2009.0
4.200134924092064,1.0355827751971691,27.890433456809372,1.032,4.726,2680.515,87,charge,24,2009.0
4.200421877302755,1.035157066843717,27.89927815842815,1.031,4.726,2685.14,87,charge,24,2009.0
4.200500631181518,1.033707724649082,27.892818430694664,1.031,4.726,2689.703,87,charge,24,2009.0
4.20110455016728,1.0338115370176113,27.90455393982972,1.03,4.726,2694.312,87,charge,24,2009.0
4.2013348332375795,1.0333186494892608,27.895879846071857,1.03,4.726,2698.875,87,charge,24,2009.0
4.201702970106103,1.0323662398243794,27.90486402775331,1.028,4.726,2703.484,87,charge,24,2009.0
4.200561524162171,1.0248933314974111,27.912366308948464,1.02,4.721,2708.062,87,charge,24,2009.0
4.201242516765414,1.025388064817274,27.90969545707649,1.019,4.721,2712.687,87,charge,24,2009.0
4.201348679082992,1.0228458716020603,27.910547581225774,1.019,4.721,2717.265,87,charge,24,2009.0
4.201789287040071,1.0214426029411292,27.91255194206691,1.017,4.721,2721.89,87,charge,24,2009.0
4.200791953073439,1.0119474688467849,27.923835626343216,1.007,4.71,2726.468,87,charge,24,2009.0
4.199992961994878,1.0032268135873337,27.919119956539255,0.998,4.71,2731.109,87,charge,24,2009.0
4.200264449444267,1.0014789773652826,27.924038479960313,0.998,4.71,2735.718,87,charge,24,2009.0
4.2007515841834255,1.0018584711359744,27.937122074304618,0.998,4.71,2740.312,87,charge,24,2009.0
4.200889278455171,0.9997092923948095,27.937872516075974,0.996,4.71,2744.875,87,charge,24,2009.0
4.201273496251715,1.0021309775208174,27.931573024041906,0.996,4.705,2749.484,87,charge,24,2009.0
4.2014252630051,0.9994254806670199,27.930353526990224,0.995,4.71,2754.078,87,charge,24,2009.0
4.201842638442643,0.9990580229095801,27.934634516003374,0.995,4.71,2758.687,87,charge,24,2009.0
4.2009679402810525,0.9904094176805829,27.942428818810612,0.985,4.699,2763.25,87,charge,24,2009.0
4.20119424616948,0.9879898134630853,27.94264609213692,0.985,4.705,2767.859,87,charge,24,2009.0
4.201539838260824,0.989595814224845,27.94625758931325,0.984,4.705,2772.468,87,charge,24,2009.0
4.202023310543618,0.9875007617846567,27.942137838594824,0.984,4.705,2777.078,87,charge,24,2009.0
4.20130031851442,0.9788828183215825,27.94463319216688,0.974,4.699,2781.64,87,charge,24,2009.0
4.201391500386235,0.9784620529006784,27.949950638824976,0.974,4.699,2786.25,87,charge,24,2009.0
4.201795826852686,0.9784916120273394,27.956401164461802,0.974,4.699,2790.812,87,charge,24,2009.0
4.20082505018723,0.9668055305428678,27.951711678120045,0.963,4.689,2795.515,87,charge,24,2009.0
4.20016276298958,0.9599310019752063,27.955782910254197,0.955,4.689,2800.093,87,charge,24,2009.0
4.19920863671925,0.9486871773084575,27.95595209285308,0.945,4.683,2804.687,87,charge,24,2009.0
4.199424822361448,0.9489819798194498,27.955021711279368,0.945,4.683,2809.296,87,charge,24,2009.0
4.199676983294425,0.949302594355301,27.952121498527102,0.944,4.683,2813.906,87,charge,24,2009.0
4.199962047532093,0.9468325209192695,27.958986888046887,0.944,4.683,2818.453,87,charge,24,2009.0
4.200229480930469,0.9450096783401503,27.959187519539444,0.944,4.683,2823.046,87,charge,24,2009.0
4.200641568613764,0.9480190203743296,27.95876321362357,0.943,4.678,2827.64,87,charge,24,2009.0
4.200910767409077,0.9450167234543434,27.95658627188112,0.943,4.683,2832.218,87,charge,24,2009.0
4.201059838447971,0.945723799597385,27.951213238951752,0.941,4.683,2836.828,87,charge,24,2009.0
4.201505906034425,0.9455097605098735,27.955045044174266,0.941,4.683,2841.421,87,charge,24,2009.0
4.20183214185603,0.9459802237346647,27.956920790868434,0.94,4.683,2846.046,87,charge,24,2009.0
4.200979327868368,0.933940211206923,27.950839742376978,0.93,4.678,2850.625,87,charge,24,2009.0
4.201380653794276,0.9343033880798445,27.948054143959563,0.93,4.678,2855.218,87,charge,24,2009.0
4.200656089764179,0.9228598505873229,27.940819841628166,0.921,4.667,2859.812,87,charge,24,2009.0
4.199761976506462,0.9135544812818537,27.953646499705417,0.911,4.662,2864.406,87,charge,24,2009.0
4.198903437196885,0.9059091499112067,27.94373097482256,0.903,4.656,2868.984,87,charge,24,2009.0
4.198134726025434,0.896940598969762,27.942696998670172,0.893,4.656,2873.609,87,charge,24,2009.0
4.197103451438134,0.8876867684395996,27.949111036687107,0.885,4.651,2878.187,87,charge,24,2009.0
4.197250871387321,0.8865807552562365,27.943579524885163,0.883,4.651,2882.781,87,charge,24,2009.0
4.197527028157255,0.8861599502073958,27.935493477527874,0.883,4.651,2887.359,87,charge,24,2009.0
4.197756708944126,0.887051615790777,27.929915491829924,0.883,4.651,2892.0,87,charge,24,2009.0
4.196914739727869,0.8780347583085462,27.92772072401892,0.874,4.64,2896.562,87,charge,24,2009.0
4.19609441317724,0.8686062315009436,27.928893519328284,0.865,4.635,2901.171,87,charge,24,2009.0
4.196248232838437,0.8670354149485239,27.93165200959469,0.864,4.635,2905.75,87,charge,24,2009.0
4.196496723685283,0.8669885624983376,27.92625025610402,0.864,4.635,2910.359,87,charge,24,2009.0
4.196798094439388,0.8671148463529127,27.920086300843607,0.864,4.635,2914.921,87,charge,24,2009.0
4.197180700246369,0.8665759472634031,27.910714752011977,0.863,4.635,2919.531,87,charge,24,2009.0
4.197493507265496,0.8643517030043141,27.919137793600772,0.863,4.635,2924.093,87,charge,24,2009.0
4.197678482527565,0.8661803454117321,27.912771707454198,0.861,4.635,2928.687,87,charge,24,2009.0
4.196992577938279,0.855960900637246,27.90924132330394,0.852,4.635,2933.328,87,charge,24,2009.0
4.198312951412462,0.8649678520855413,27.917471829923517,0.86,4.635,2937.89,87,charge,24,2009.0
4.197729508499181,0.8541760546491942,27.905711560934417,0.85,4.635,2942.546,87,charge,24,2009.0
4.197798702661596,0.8524284405495668,27.890800528039126,0.85,4.635,2947.125,87,charge,24,2009.0
4.198368844343359,0.8531919524309437,27.885747867320617,0.85,4.635,2951.75,87,charge,24,2009.0
4.197524940321119,0.8433055966013349,27.883684762047288,0.839,4.624,2956.312,87,charge,24,2009.0
4.197747600561024,0.8419389156971808,27.870271288661737,0.839,4.624,2960.906,87,charge,24,2009.0
4.196940302369716,0.8337984235209063,27.870397458407258,0.829,4.619,2965.515,87,charge,24,2009.0
4.197284466265375,0.8307970574978244,27.868427156390283,0.829,4.619,2970.078,87,charge,24,2009.0
4.197695668511655,0.8319880608703855,27.849065840703677,0.828,4.619,2974.703,87,charge,24,2009.0
4.196955663811723,0.8225677764517455,27.847012461063482,0.82,4.619,2979.281,87,charge,24,2009.0
4.198009522223795,0.8298556054088595,27.85441644239044,0.828,4.619,2983.875,87,charge,24,2009.0
4.197593412971306,0.8235245821038428,27.84157497063396,0.818,4.619,2988.453,87,charge,24,2009.0
4.197725320666107,0.8192497584793897,27.841451497229457,0.817,4.619,2993.093,87,charge,24,2009.0
4.198089180591446,0.8210277314110093,27.826061857617265,0.817,4.619,2997.671,87,charge,24,2009.0
4.198469899562852,0.8173813997966788,27.82529877403582,0.816,4.619,3002.296,87,charge,24,2009.0
4.198863713176969,0.8180064954059678,27.819577013489564,0.816,4.619,3006.89,87,charge,24,2009.0
4.199383300492392,0.8181089182587356,27.81447482588592,0.814,4.619,3011.484,87,charge,24,2009.0
4.199573655969304,0.8168867810578587,27.813133872720908,0.814,4.619,3016.046,87,charge,24,2009.0
4.1990171108924175,0.8074312877005232,27.801979564747338,0.805,4.613,3020.671,87,charge,24,2009.0
4.198086664467816,0.7969080817967427,27.79570495679364,0.795,4.608,3025.25,87,charge,24,2009.0
4.197289992099165,0.7874935941284606,27.78315031550665,0.785,4.597,3029.89,87,charge,24,2009.0
4.197697911970922,0.7888162321775076,27.777651943490916,0.785,4.597,3034.5,87,charge,24,2009.0
4.196782121132278,0.77762812691639,27.766551444582092,0.776,4.592,3039.093,87,charge,24,2009.0
4.197091034510606,0.7767176321614774,27.77167887249508,0.776,4.597,3043.671,87,charge,24,2009.0
4.197376202570038,0.7766471476269642,27.76208341047506,0.774,4.597,3048.281,87,charge,24,2009.0
4.198697135807563,0.7828767539677084,27.750632782207518,0.783,4.597,3052.843,87,charge,24,2009.0
4.198066186936025,0.7773312243420155,27.752412343907505,0.773,4.597,3057.5,87,charge,24,2009.0
4.198338393023084,0.7755632075113424,27.73867523194517,0.773,4.592,3062.062,87,charge,24,2009.0
4.197871629834349,0.7668631558204607,27.724558375470135,0.763,4.586,3066.656,87,charge,24,2009.0
4.196887991316639,0.7550396085930904,27.71444725723079,0.754,4.581,3071.265,87,charge,24,2009.0
4.197050226730821,0.7551144786881501,27.700182871556827,0.752,4.581,3075.828,87,charge,24,2009.0
4.197300269379837,0.7555464477823375,27.68723675800234,0.752,4.581,3080.39,87,charge,24,2009.0
4.197659562685654,0.7536484928386069,27.67916201809361,0.752,4.581,3084.984,87,charge,24,2009.0
4.196839315087865,0.7436303918755165,27.67609857451987,0.743,4.575,3089.593,87,charge,24,2009.0
4.197353294491517,0.7451421882912516,27.658390857392046,0.741,4.575,3094.25,87,charge,24,2009.0
4.197530799453808,0.74475178892011,27.648541407328384,0.741,4.575,3098.843,87,charge,24,2009.0
4.198037620791542,0.7429037466812367,27.633509936751643,0.741,4.575,3103.421,87,charge,24,2009.0
4.197188362456888,0.7337965141950168,27.629132765785933,0.731,4.57,3108.046,87,charge,24,2009.0
4.19727957334116,0.7354710854375809,27.620813372627214,0.73,4.57,3112.921,87,charge,24,2009.0
4.198766350781475,0.7407609746982814,27.61532278145599,0.738,4.575,3117.515,87,charge,24,2009.0
4.19807325075858,0.7326872678475835,27.612531910779605,0.729,4.57,3122.093,87,charge,24,2009.0
4.197227502806282,0.724452014450546,27.597022237628238,0.719,4.565,3126.734,87,charge,24,2009.0
4.197634262183757,0.7235543017005586,27.590662073099402,0.719,4.565,3131.328,87,charge,24,2009.0
4.197942565426355,0.7232594540489542,27.58493189151188,0.719,4.565,3135.953,87,charge,24,2009.0
4.198126630306732,0.7204136623664582,27.58081114642596,0.718,4.565,3140.64,87,charge,24,2009.0
4.198833029285291,0.7206504260967176,27.5656276881812,0.718,4.565,3145.234,87,charge,24,2009.0
4.197886393780297,0.7092914240776995,27.549568706709,0.708,4.565,3149.828,87,charge,24,2009.0
4.196867758369796,0.7009681776168835,27.53366470450188,0.698,4.554,3154.484,87,charge,24,2009.0
4.197298146003094,0.700413192756741,27.525617437922204,0.698,4.554,3159.078,87,charge,24,2009.0
4.197571666324865,0.7002622021348863,27.51468830244597,0.698,4.554,3163.703,87,charge,24,2009.0
4.1978956804767815,0.7015807060888517,27.506530884812324,0.697,4.554,3168.375,87,charge,24,2009.0
4.198127041120683,0.6990269106966297,27.500133699068172,0.697,4.554,3172.968,87,charge,24,2009.0
4.198562117079073,0.697710669852556,27.479044304585255,0.696,4.554,3177.562,87,charge,24,2009.0
4.197773265044997,0.6896953666743849,27.473061553086655,0.687,4.548,3182.171,87,charge,24,2009.0
4.196745532759915,0.6806721637139116,27.454620684503084,0.678,4.543,3186.75,87,charge,24,2009.0
4.197138241345759,0.6781707814299921,27.444323855801535,0.676,4.543,3191.437,87,charge,24,2009.0
4.1973456251519226,0.67951443511025,27.438279039200385,0.676,4.543,3196.031,87,charge,24,2009.0
4.197621252404812,0.6766640840120024,27.42388510430008,0.676,4.543,3200.625,87,charge,24,2009.0
4.197997038708289,0.6770125450933345,27.404780314926754,0.675,4.543,3205.296,87,charge,24,2009.0
4.198205939304094,0.6754173982028134,27.385286974993917,0.675,4.543,3209.89,87,charge,24,2009.0
4.198541136012044,0.6760297309256464,27.37543045022103,0.675,4.543,3214.484,87,charge,24,2009.0
4.198855061537802,0.6748106937719838,27.36834878618761,0.674,4.543,3219.125,87,charge,24,2009.0
4.197819298757496,0.667494449252592,27.357376993354315,0.664,4.538,3223.75,87,charge,24,2009.0
4.198271264541401,0.6650338754666236,27.34090416021561,0.662,4.538,3228.328,87,charge,24,2009.0
4.198669679647588,0.6642650485621474,27.331911406486537,0.662,4.538,3232.968,87,charge,24,2009.0
4.19762827218948,0.6537817233488907,27.321336637337296,0.653,4.532,3237.578,87,charge,24,2009.0
4.1967143865663825,0.6461210104747719,27.31027621785479,0.645,4.527,3242.171,87,charge,24,2009.0
4.196912628605481,0.6464515947995194,27.29912324686913,0.645,4.527,3246.812,87,charge,24,2009.0
4.197053830085984,0.6451795904626153,27.28918734724125,0.643,4.527,3251.421,87,charge,24,2009.0
4.198313160784078,0.6518542685208434,27.279679313678383,0.651,4.532,3256.015,87,charge,24,2009.0
4.197726191050105,0.645747256981715,27.257845847120915,0.643,4.527,3260.671,87,charge,24,2009.0
4.19796428554282,0.6440348673386668,27.256494303013106,0.642,4.527,3265.265,87,charge,24,2009.0
4.198107754444406,0.6441479710333037,27.23930170476145,0.642,4.527,3269.843,87,charge,24,2009.0
4.198342837563658,0.6408356720632604,27.21767764992114,0.642,4.527,3274.484,87,charge,24,2009.0
4.19867607333941,0.6421655080288715,27.199567060434873,0.64,4.527,3279.156,87,charge,24,2009.0
4.1977042912689475,0.6341790352177719,27.19190100377661,0.631,4.521,3283.734,87,charge,24,2009.0
4.196961522644126,0.623613818375942,27.173218188030166,0.622,4.516,3288.375,87,charge,24,2009.0
4.197068543697632,0.6216702520288249,27.16245741656426,0.621,4.516,3293.046,87,charge,24,2009.0
4.1971643717600084,0.6227960281062437,27.144136537753198,0.621,4.516,3297.625,87,charge,24,2009.0
4.1973904495761625,0.6230488933555162,27.135664499742774,0.621,4.516,3302.203,87,charge,24,2009.0
4.197446407378061,0.6219740238100379,27.131755350079445,0.62,4.516,3306.859,87,charge,24,2009.0
4.198016327602339,0.6225806129484779,27.113158583310682,0.62,4.516,3311.453,87,charge,24,2009.0
4.198095422360665,0.6218877374754901,27.100142478761196,0.62,4.516,3316.031,87,charge,24,2009.0
4.19834061762076,0.6212191426108377,27.08185409542436,0.62,4.516,3320.671,87,charge,24,2009.0
4.198664173690646,0.6228385968093667,27.06516600079442,0.618,4.516,3325.281,87,charge,24,2009.0
4.19760188914533,0.6117378951902827,27.06336697380576,0.609,4.511,3329.89,87,charge,24,2009.0
4.197800430913093,0.6118753058381792,27.041391593319698,0.609,4.511,3334.515,87,charge,24,2009.0
4.197990950098771,0.6114337340855602,27.03441939569945,0.609,4.511,3339.125,87,charge,24,2009.0
4.198189679864492,0.6096935268643406,27.014692567736045,0.609,4.511,3343.75,87,charge,24,2009.0
4.19840292308483,0.609260047795163,26.999891894509766,0.609,4.511,3348.39,87,charge,24,2009.0
4.198523115293837,0.6080955074155745,26.99302961387744,0.607,4.511,3352.984,87,charge,24,2009.0
4.198689590806335,0.6078727782716773,26.983446153185817,0.607,4.511,3357.578,87,charge,24,2009.0
4.197815307922422,0.5997915845567187,26.96158049297468,0.598,4.505,3362.156,87,charge,24,2009.0
4.19816812135943,0.6000520035627644,26.957212895378046,0.598,4.505,3366.75,87,charge,24,2009.0
4.1981781499050665,0.5982390964423873,26.927945990278953,0.598,4.505,3371.359,87,charge,24,2009.0
4.198393305367174,0.600514664367382,26.92819245329688,0.598,4.505,3376.0,87,charge,24,2009.0
4.19879285726804,0.5986621375667636,26.92060414727582,0.596,4.505,3380.578,87,charge,24,2009.0
4.197642314779578,0.5874893758812401,26.905589227735746,0.588,4.5,3385.156,87,charge,24,2009.0
4.197808446376878,0.5899708016859365,26.892642950589995,0.588,4.5,3389.781,87,charge,24,2009.0
4.197842282090845,0.58895525782221,26.87526232917113,0.587,4.5,3394.421,87,charge,24,2009.0
4.198058379436921,0.5888433120071535,26.84820965435162,0.587,4.5,3399.062,87,charge,24,2009.0
4.198256828504906,0.5890028241015458,26.84777195515055,0.587,4.5,3403.656,87,charge,24,2009.0
4.198287183320756,0.5881219864923196,26.8301915484997,0.587,4.5,3408.359,87,charge,24,2009.0
4.198594893503718,0.5879386910801,26.824211098435786,0.587,4.5,3412.984,87,charge,24,2009.0
4.197470731943151,0.5773001827850361,26.798557034218177,0.577,4.494,3417.562,87,charge,24,2009.0
4.1974519920821045,0.577662647275259,26.79188186600376,0.577,4.494,3422.187,87,charge,24,2009.0
4.197853873236648,0.5766808710198721,26.773977997714628,0.576,4.494,3426.781,87,charge,24,2009.0
4.198028819891913,0.5776069841014722,26.756663866024994,0.576,4.494,3431.406,87,charge,24,2009.0
4.198036583867769,0.5800317821782115,26.75377771846754,0.576,4.494,3436.062,87,charge,24,2009.0
4.19830424847572,0.5777681071034455,26.734878639318687,0.576,4.494,3440.671,87,charge,24,2009.0
4.198614418923866,0.5772275274697741,26.731786172369112,0.576,4.494,3445.25,87,charge,24,2009.0
4.197380628827848,0.5684586246009129,26.706837730739796,0.566,4.489,3449.843,87,charge,24,2009.0
4.197555255907935,0.5669786918991679,26.695480900535873,0.566,4.489,3454.5,87,charge,24,2009.0
4.197511941634377,0.568121678613043,26.681323612362526,0.566,4.489,3459.156,87,charge,24,2009.0
4.197923094641023,0.5677095447081943,26.654999156964575,0.566,4.489,3463.734,87,charge,24,2009.0
4.197849464298646,0.5681624721494922,26.653036506833,0.566,4.489,3468.328,87,charge,24,2009.0
4.198012732119609,0.5668979290008976,26.638394379743094,0.565,4.489,3472.89,87,charge,24,2009.0
4.198278467009418,0.5676756206550808,26.621560206589596,0.565,4.489,3477.546,87,charge,24,2009.0
4.198388919445957,0.5678205219853456,26.62387500143383,0.565,4.489,3482.14,87,charge,24,2009.0
4.198446494278208,0.5667121760384684,26.608159420283908,0.565,4.489,3486.781,87,charge,24,2009.0
4.198436828350172,0.5650860205373122,26.594893205838265,0.565,4.489,3491.39,87,charge,24,2009.0
4.198771857865672,0.5652764305562069,26.58076214292763,0.563,4.489,3495.968,87,charge,24,2009.0
4.197560183365381,0.5577803516129091,26.56941584944165,0.555,4.484,3500.546,87,charge,24,2009.0
4.197707236671866,0.555323173859405,26.556088489805838,0.555,4.484,3505.125,87,charge,24,2009.0
4.1977278755111715,0.5555751461527911,26.545616037771243,0.555,4.484,3509.781,87,charge,24,2009.0
4.1981690020398315,0.5582843035166587,26.529811330197532,0.553,4.484,3514.437,87,charge,24,2009.0
4.198134061566659,0.5557751721907345,26.518446804562227,0.553,4.484,3519.015,87,charge,24,2009.0
4.198236038664619,0.5561219425800089,26.51012295703152,0.553,4.484,3523.578,87,charge,24,2009.0
4.198383660391555,0.5540825390619459,26.495141789284986,0.553,4.484,3528.218,87,charge,24,2009.0
4.198501787793421,0.5550605866703769,26.478711624640837,0.553,4.484,3532.796,87,charge,24,2009.0
4.19876738963559,0.5565729112761799,26.471169147336738,0.552,4.484,3537.359,87,charge,24,2009.0
4.198871104878843,0.5559243573828887,26.462592825454212,0.553,4.484,3541.984,87,charge,24,2009.0
4.199023470212929,0.5538048116947062,26.451842885173207,0.552,4.484,3546.609,87,charge,24,2009.0
4.199251241576094,0.5558844898518104,26.439119811069375,0.552,4.484,3551.187,87,charge,24,2009.0
4.199325417227762,0.5553610579611044,26.417135235108216,0.552,4.484,3555.812,87,charge,24,2009.0
4.199396650351602,0.5535390228515147,26.4013510635405,0.552,4.484,3560.39,87,charge,24,2009.0
4.199564599880176,0.5534531654991472,26.393840470818947,0.552,4.484,3564.968,87,charge,24,2009.0
4.198553908361761,0.545186847576907,26.37233293226186,0.542,4.478,3569.625,87,charge,24,2009.0
4.197378839237796,0.5355201638136597,26.362427744585425,0.534,4.473,3574.281,87,charge,24,2009.0
4.197536930714859,0.5348840010522354,26.350168538233927,0.534,4.473,3578.921,87,charge,24,2009.0
4.197516684389254,0.5338949807753111,26.340159627963676,0.533,4.473,3583.546,87,charge,24,2009.0
4.197542021847426,0.5353539267996663,26.328762685110902,0.533,4.473,3588.171,87,charge,24,2009.0
4.197790603341839,0.5343324792855649,26.320927289377295,0.533,4.473,3592.796,87,charge,24,2009.0
4.197813284239534,0.5345637960204488,26.312722203231633,0.533,4.473,3597.359,87,charge,24,2009.0
4.197792797251311,0.5350182436922856,26.298108819753516,0.533,4.473,3601.937,87,charge,24,2009.0
4.197927469309078,0.5354398687763204,26.297415725425058,0.533,4.473,3606.562,87,charge,24,2009.0
4.198060066030918,0.5347371327028873,26.278815462053924,0.531,4.473,3611.14,87,charge,24,2009.0
4.1982262707905065,0.5327875223587027,26.265897334589198,0.531,4.473,3615.718,87,charge,24,2009.0
4.198269252610657,0.5327727855051608,26.254490016819,0.531,4.473,3620.343,87,charge,24,2009.0
4.198589304874375,0.5328225726111792,26.24431619500697,0.531,4.473,3624.968,87,charge,24,2009.0
4.197461447000291,0.522590925574593,26.23174723536507,0.523,4.467,3629.531,87,charge,24,2009.0
4.197574964913217,0.5237752021042879,26.217665608586618,0.523,4.467,3634.171,87,charge,24,2009.0
4.197896241152304,0.5231749681391948,26.214352315692793,0.522,4.467,3638.75,87,charge,24,2009.0
4.197688787373329,0.5244262985405413,26.19992082424992,0.522,4.467,3643.343,87,charge,24,2009.0
4.197953789179207,0.5236516203655388,26.195220167992783,0.522,4.467,3647.968,87,charge,24,2009.0
4.197801632824671,0.5235777607888566,26.167801129723124,0.522,4.467,3652.609,87,charge,24,2009.0
4.198088207040017,0.5230220940204107,26.166854131363745,0.522,4.467,3657.296,87,charge,24,2009.0
4.198159609713549,0.5227688219214703,26.15708364656641,0.52,4.467,3661.984,87,charge,24,2009.0
4.198218538446095,0.5219771220380113,26.142968551123438,0.52,4.467,3666.578,87,charge,24,2009.0
4.19851668654252,0.5241361170119259,26.134972327221206,0.52,4.467,3671.203,87,charge,24,2009.0
4.198660205517102,0.5242963173190137,26.12339094272071,0.52,4.467,3675.859,87,charge,24,2009.0
4.197624562977943,0.5114007595863023,26.114758370174847,0.511,4.462,3680.453,87,charge,24,2009.0
4.197726003642552,0.5126883540632592,26.10529930897699,0.512,4.462,3685.078,87,charge,24,2009.0
4.1977276698190416,0.5146493922872272,26.093757999901346,0.512,4.462,3689.703,87,charge,24,2009.0
4.197787279397394,0.5116972994488763,26.08842538362738,0.511,4.462,3694.39,87,charge,24,2009.0
4.197931026733477,0.5111024021119358,26.06819146610533,0.511,4.462,3698.968,87,charge,24,2009.0
4.198184102116833,0.5109834379644108,26.057814952554835,0.511,4.462,3703.546,87,charge,24,2009.0
4.198190766161387,0.5078579402994599,26.039711314060327,0.511,4.462,3708.156,87,charge,24,2009.0
4.198334112542223,0.5125931903103386,26.03617768867167,0.511,4.462,3712.812,87,charge,24,2009.0
4.198461855787807,0.5131088581998772,26.027187830985014,0.509,4.462,3717.421,87,charge,24,2009.0
4.198558116092864,0.5122575498538825,26.018054630595213,0.509,4.462,3722.062,87,charge,24,2009.0
4.197607397493856,0.5021906530031219,26.022750229554802,0.501,4.457,3726.703,87,charge,24,2009.0
4.197627390736143,0.5028191891943347,25.996351891421668,0.501,4.457,3731.406,87,charge,24,2009.0
4.197707261534867,0.5030174750752463,25.997721132599406,0.501,4.457,3736.046,87,charge,24,2009.0
4.197843058052087,0.5012044358324306,25.983500303407574,0.5,4.457,3740.687,87,charge,24,2009.0
4.197915961852642,0.5024870188717507,25.976614402861948,0.5,4.457,3745.296,87,charge,24,2009.0
4.198128920346667,0.5028443358803933,25.965350110985277,0.5,4.457,3749.921,87,charge,24,2009.0
4.198113610608004,0.5009017976665318,25.958439340781048,0.5,4.457,3754.593,87,charge,24,2009.0
4.198173818851054,0.5012819883996703,25.949265416547416,0.5,4.457,3759.156,87,charge,24,2009.0
4.198414136194399,0.5002883530317278,25.943445744988267,0.5,4.457,3763.718,87,charge,24,2009.0
4.198681406242748,0.4999433311983195,25.93394100798366,0.498,4.457,3768.359,87,charge,24,2009.0
4.198626341801259,0.5017109001809634,25.920046638540978,0.498,4.457,3772.937,87,charge,24,2009.0
4.198729231648286,0.49997071133007354,25.917838570002225,0.498,4.457,3777.546,87,charge,24,2009.0
4.1991048958962445,0.49994253145916906,25.91244798890454,0.498,4.457,3782.203,87,charge,24,2009.0
4.1991155332857435,0.4992908548794199,25.900596063289,0.498,4.457,3786.781,87,charge,24,2009.0
4.199210499872116,0.4981134193713789,25.888861025168413,0.497,4.457,3791.421,87,charge,24,2009.0
4.199394426782457,0.49816927238577047,25.883325101891213,0.497,4.457,3796.0,87,charge,24,2009.0
4.199363759234958,0.49890171036740344,25.871364822517098,0.497,4.457,3800.562,87,charge,24,2009.0
4.199546280926031,0.49893916162670315,25.86802501689178,0.497,4.457,3805.187,87,charge,24,2009.0
4.199904929348194,0.4975385069315536,25.865455162190518,0.497,4.457,3809.796,87,charge,24,2009.0
4.198618325442921,0.4902689292603043,25.851161558016006,0.487,4.451,3814.375,87,charge,24,2009.0
4.197782030977222,0.4797431860940476,25.838576823431875,0.479,4.446,3819.0,87,charge,24,2009.0
4.197658044251661,0.4794150528347636,25.832275182911058,0.478,4.446,3823.609,87,charge,24,2009.0
4.197855020534135,0.4797878017400011,25.824514829399984,0.479,4.446,3828.171,87,charge,24,2009.0
4.1977473605027225,0.479974738227502,25.815378440374793,0.478,4.446,3832.812,87,charge,24,2009.0
4.1979833828761866,0.478578416904756,25.810275502454793,0.478,4.446,3837.39,87,charge,24,2009.0
4.198126597673468,0.47945746202215955,25.796281611195994,0.478,4.446,3841.968,87,charge,24,2009.0
4.198153096034086,0.4760272453083751,25.79181463369979,0.478,4.446,3846.593,87,charge,24,2009.0
4.198384638206269,0.4787358661396138,25.785584868935846,0.478,4.446,3851.171,87,charge,24,2009.0
4.198437624463104,0.47803018598962904,25.78594232587984,0.476,4.446,3855.796,87,charge,24,2009.0
4.198484612805805,0.4765363039489496,25.773523663485932,0.476,4.446,3860.453,87,charge,24,2009.0
4.198718203093835,0.47594467860074235,25.757592783493056,0.476,4.446,3865.14,87,charge,24,2009.0
4.198831903710891,0.4767242940624099,25.759504397604154,0.476,4.446,3869.828,87,charge,24,2009.0
4.19898626385042,0.47783002363426386,25.739988439673315,0.476,4.446,3874.437,87,charge,24,2009.0
4.199048054291715,0.47767326086547024,25.728000586114582,0.476,4.446,3879.046,87,charge,24,2009.0
4.1991563834052625,0.47814528227925507,25.72870418206092,0.475,4.446,3883.656,87,charge,24,2009.0
4.199456567294953,0.47441874745910895,25.72740067315551,0.475,4.446,3888.296,87,charge,24,2009.0
4.199691253801125,0.4756189328961741,25.715830967385862,0.475,4.446,3892.89,87,charge,24,2009.0
4.198338878538112,0.46718439839413994,25.70657751720522,0.467,4.44,3897.593,87,charge,24,2009.0
4.198630976687296,0.4689411934372628,25.70394341826844,0.465,4.44,3902.156,87,charge,24,2009.0
4.19739987085748,0.459021677185879,25.688981990372465,0.457,4.435,3906.781,87,charge,24,2009.0
4.197676757844658,0.4583968522858661,25.682769132062013,0.457,4.435,3911.359,87,charge,24,2009.0
4.197665069534224,0.45794255353319996,25.680170689402573,0.457,4.435,3915.937,87,charge,24,2009.0
4.197956777086589,0.45880822956979683,25.666856593380647,0.457,4.435,3920.562,87,charge,24,2009.0
4.1977747814553865,0.45767514814875737,25.66310606133629,0.457,4.435,3925.156,87,charge,24,2009.0
4.198033507755471,0.458417704637944,25.65496142831438,0.455,4.435,3929.765,87,charge,24,2009.0
4.198211075297013,0.457674629916221,25.6473962096932,0.455,4.435,3934.39,87,charge,24,2009.0
4.198272281928862,0.45592037926688433,25.641261984831946,0.455,4.435,3939.0,87,charge,24,2009.0
4.198301789089796,0.45608930038538453,25.642163864401894,0.455,4.435,3943.578,87,charge,24,2009.0
4.198428506632268,0.4575653249453686,25.624405618517397,0.455,4.435,3948.203,87,charge,24,2009.0
4.1985829123504494,0.4571990328821048,25.618194874763077,0.455,4.435,3952.781,87,charge,24,2009.0
4.198674593083725,0.45730592404071285,25.613920574686066,0.454,4.435,3957.359,87,charge,24,2009.0
4.198797111531047,0.4577144554972849,25.61772485606511,0.454,4.435,3961.984,87,charge,24,2009.0
4.19898067024571,0.45500993522320965,25.6095397782839,0.454,4.435,3966.578,87,charge,24,2009.0
4.199159163725567,0.45492574288298904,25.60353394030493,0.454,4.435,3971.156,87,charge,24,2009.0
4.199108013680489,0.45693474919092064,25.59099293159368,0.454,4.435,3975.734,87,charge,24,2009.0
4.199388298603673,0.45633029645323814,25.584170136239965,0.454,4.435,3980.312,87,charge,24,2009.0
4.199452336237184,0.4564950229309742,25.569975812339194,0.453,4.435,3984.937,87,charge,24,2009.0
4.199763186669916,0.45346139910205474,25.563958834260923,0.453,4.435,3989.515,87,charge,24,2009.0
4.198578882800004,0.44445627655527364,25.558685839350538,0.443,4.43,3994.078,87,charge,24,2009.0
4.198615496413123,0.4444950661284883,25.542998215739836,0.443,4.43,3998.718,87,charge,24,2009.0
4.198770301611831,0.44450897127720074,25.530326872961997,0.443,4.43,4003.296,87,charge,24,2009.0
4.198756212961589,0.4424067785485312,25.529220751231637,0.443,4.43,4007.937,87,charge,24,2009.0
4.199151232673262,0.44330646118119044,25.529760280534425,0.443,4.43,4012.531,87,charge,24,2009.0
4.198883257063097,0.4445728743429987,25.526208638357584,0.442,4.43,4017.171,87,charge,24,2009.0
4.199084005400144,0.44470062924647175,25.512290526847828,0.442,4.43,4021.75,87,charge,24,2009.0
4.199390447125882,0.44480934446898235,25.498735520773256,0.442,4.43,4026.312,87,charge,24,2009.0
4.199501913682925,0.44232483275039014,25.499875965566595,0.442,4.43,4030.953,87,charge,24,2009.0
4.199736593775436,0.44147020483814037,25.49227052374778,0.442,4.43,4035.531,87,charge,24,2009.0
4.198623654087636,0.43420721851064775,25.487167177168327,0.432,4.424,4040.109,87,charge,24,2009.0
4.198693781171085,0.4318621713047239,25.476992428656505,0.432,4.424,4044.671,87,charge,24,2009.0
4.1986641145891666,0.4341900198035999,25.47661521209535,0.432,4.424,4049.328,87,charge,24,2009.0
4.198894527767157,0.43402454509134336,25.46997100926288,0.432,4.424,4053.968,87,charge,24,2009.0
4.198988970316441,0.4345196036431009,25.46708364045669,0.432,4.424,4058.546,87,charge,24,2009.0
4.1990324784379105,0.433051521821658,25.45729621077367,0.432,4.424,4063.109,87,charge,24,2009.0
4.199309374022237,0.4329028962361382,25.454135577579823,0.431,4.424,4067.734,87,charge,24,2009.0
4.199328035629072,0.432949145427252,25.45682406233465,0.431,4.424,4072.328,87,charge,24,2009.0
4.199616121831242,0.43299674018224404,25.45246861636199,0.431,4.424,4076.89,87,charge,24,2009.0
4.198345722523366,0.4233964834276636,25.449947460766946,0.422,4.419,4081.531,87,charge,24,2009.0
4.198542357272747,0.4240370329446338,25.435962983520554,0.422,4.419,4086.14,87,charge,24,2009.0
4.198622329700318,0.4215611119035873,25.424138272972353,0.421,4.419,4090.718,87,charge,24,2009.0
4.198670175395541,0.4227477506972426,25.423099155004223,0.421,4.419,4095.343,87,charge,24,2009.0
4.198733805263637,0.4246721562756741,25.424909565369532,0.421,4.419,4099.921,87,charge,24,2009.0
4.199047769556898,0.42168155561087806,25.418477322238783,0.421,4.419,4104.5,87,charge,24,2009.0
4.199151524763237,0.4217489028004089,25.406205114500377,0.421,4.419,4109.125,87,charge,24,2009.0
4.199176796987117,0.4225161168669498,25.401656238456543,0.421,4.419,4113.718,87,charge,24,2009.0
4.199206783688292,0.42255124639284863,25.397215613007006,0.42,4.419,4118.328,87,charge,24,2009.0
4.199507978628092,0.42037333363570095,25.386847602122984,0.42,4.419,4122.953,87,charge,24,2009.0
4.1994631765773125,0.419382975218587,25.377740127384847,0.42,4.419,4127.562,87,charge,24,2009.0
4.199630947189194,0.42147570429269876,25.379052342465467,0.42,4.419,4132.14,87,charge,24,2009.0
4.198689590199126,0.41134156053033294,25.376585694514752,0.41,4.413,4136.796,87,charge,24,2009.0
4.197659374203699,0.40110630883714016,25.368800284184214,0.402,4.408,4141.39,87,charge,24,2009.0
4.197536214004509,0.40336002845361196,25.35638917649039,0.402,4.408,4145.968,87,charge,24,2009.0
4.197714524232293,0.39942344576990757,25.35846108087786,0.402,4.408,4150.593,87,charge,24,2009.0
4.197964031181828,0.4003648573795627,25.34452139080326,0.402,4.408,4155.171,87,charge,24,2009.0
4.197746221159827,0.40157697327276504,25.342286195100833,0.402,4.408,4159.765,87,charge,24,2009.0
4.19785338381982,0.4009270510620853,25.33562960974019,0.4,4.408,4164.39,87,charge,24,2009.0
4.198086419524793,0.4024146850480209,25.33488103774468,0.4,4.408,4168.984,87,charge,24,2009.0
4.197850382759612,0.4024503494670323,25.327677181279974,0.4,4.408,4173.562,87,charge,24,2009.0
4.198035557935775,0.40256657557172204,25.32805612712392,0.4,4.408,4178.203,87,charge,24,2009.0
4.198223510026157,0.4016620991219714,25.322002594564697,0.4,4.408,4182.812,87,charge,24,2009.0
4.198300483526963,0.40076849973094975,25.315908502754674,0.4,4.408,4187.39,87,charge,24,2009.0
4.198336781168092,0.4019194289732168,25.302279182932555,0.399,4.408,4192.015,87,charge,24,2009.0
4.198472338953319,0.39939364692030616,25.299037605946875,0.399,4.408,4196.593,87,charge,24,2009.0
4.198731847283026,0.39918771910834966,25.289146850415882,0.399,4.408,4201.171,87,charge,24,2009.0
4.198873886290515,0.40177272467951086,25.293227138853922,0.399,4.408,4205.796,87,charge,24,2009.0
4.198943338497032,0.3998025168009984,25.28141652810173,0.399,4.408,4210.39,87,charge,24,2009.0
4.198944442633762,0.39918751134951985,25.271927287962395,0.399,4.408,4214.984,87,charge,24,2009.0
4.199133058436104,0.3985033802023226,25.265564421095807,0.399,4.408,4219.625,87,charge,24,2009.0
4.199312300758984,0.40129080146190366,25.26287756653488,0.398,4.408,4224.203,87,charge,24,2009.0
4.199269788147861,0.39894902830113155,25.26392759921184,0.398,4.408,4228.765,87,charge,24,2009.0
4.199559098311959,0.39694868074857015,25.25498101203196,0.398,4.408,4233.406,87,charge,24,2009.0
4.1986082147892345,0.3898562489887513,25.252196195364842,0.389,4.403,4237.984,87,charge,24,2009.0
4.198597152899533,0.38873165734299536,25.251392553076332,0.388,4.403,4242.562,87,charge,24,2009.0
4.198512961470478,0.3899308848407996,25.248333648809755,0.388,4.403,4247.218,87,charge,24,2009.0
4.198792395036576,0.3882884963621284,25.24026971212443,0.388,4.403,4251.796,87,charge,24,2009.0
4.198894358528713,0.3878332989318846,25.236029272274116,0.388,4.403,4256.359,87,charge,24,2009.0
4.199111257502584,0.3880929111837768,25.230245744094248,0.388,4.403,4261.0,87,charge,24,2009.0
4.199078298888437,0.3888183690722366,25.225076632547655,0.388,4.403,4265.609,87,charge,24,2009.0
4.199195938026232,0.3897806665051338,25.21959164376491,0.388,4.403,4270.171,87,charge,24,2009.0
4.199302392116514,0.3886705508439677,25.21469913790887,0.388,4.403,4274.843,87,charge,24,2009.0
4.199342013676144,0.3880461784638117,25.213142344701506,0.386,4.403,4279.421,87,charge,24,2009.0
4.199621580267565,0.3874329604333915,25.20550453135719,0.386,4.403,4283.984,87,charge,24,2009.0
4.198612431043504,0.3786682670227939,25.21047479368008,0.378,4.397,4288.625,87,charge,24,2009.0
4.198518135486633,0.3788517897865188,25.195640248362565,0.378,4.397,4293.203,87,charge,24,2009.0
4.19860853122267,0.37874525752106025,25.197144391327434,0.378,4.397,4297.781,87,charge,24,2009.0
4.1988310508854605,0.3787379117139567,25.183670356676824,0.377,4.397,4302.406,87,charge,24,2009.0
4.198946626833646,0.376797825776014,25.18281391303871,0.377,4.397,4307.031,87,charge,24,2009.0
4.19894378497637,0.37854319784537777,25.17687411010738,0.377,4.397,4311.593,87,charge,24,2009.0
4.199083502494122,0.37942152219427805,25.172002827540005,0.377,4.397,4316.234,87,charge,24,2009.0
4.199221975999693,0.3761510625899233,25.164576911448197,0.377,4.397,4320.828,87,charge,24,2009.0
4.199261212774242,0.3765957417111503,25.15779851203321,0.377,4.397,4325.531,87,charge,24,2009.0
4.199389936985515,0.37586554996511135,25.157090206564146,0.377,4.397,4330.093,87,charge,24,2009.0
4.199505635820173,0.3770652460177547,25.14922349979571,0.375,4.397,4334.718,87,charge,24,2009.0
4.199722478060869,0.37637662781973236,25.149044228898948,0.375,4.397,4339.312,87,charge,24,2009.0
4.19882713852922,0.3673273763584085,25.130801826733066,0.367,4.392,4343.89,87,charge,24,2009.0
4.19864768255727,0.36675773579049575,25.127481191900724,0.367,4.392,4348.515,87,charge,24,2009.0
4.198630223687865,0.36877866449731617,25.125388906800648,0.366,4.392,4353.125,87,charge,24,2009.0
4.198870872601954,0.36846631227263804,25.113261592388977,0.366,4.392,4357.687,87,charge,24,2009.0
4.19889521532808,0.3657465013340184,25.107721468911645,0.366,4.392,4362.359,87,charge,24,2009.0
4.198989957931842,0.3663611492775562,25.109789997728697,0.366,4.392,4366.937,87,charge,24,2009.0
4.199082205120491,0.3678652692824543,25.112361593225902,0.366,4.392,4371.515,87,charge,24,2009.0
4.199148200291483,0.36737557611007815,25.10461647218617,0.366,4.392,4376.14,87,charge,24,2009.0
4.1993803292422385,0.3672335277165644,25.10102070355211,0.366,4.392,4380.734,87,charge,24,2009.0
4.199299926665016,0.36588089373937865,25.093741010367705,0.364,4.392,4385.296,87,charge,24,2009.0
4.199483461736649,0.36615733493723024,25.085966641485133,0.364,4.392,4389.937,87,charge,24,2009.0
4.199596685422,0.3680747600287811,25.086707621424317,0.364,4.392,4394.546,87,charge,24,2009.0
4.19884337657807,0.3578532679707965,25.074631404185734,0.356,4.386,4399.109,87,charge,24,2009.0
4.198780087342145,0.35853664878055796,25.080387617440273,0.356,4.386,4403.75,87,charge,24,2009.0
4.1987546985677895,0.3556303203822428,25.071527185315418,0.356,4.386,4408.328,87,charge,24,2009.0
4.198801338211283,0.3557107208658847,25.074479510916966,0.356,4.386,4412.906,87,charge,24,2009.0
4.199255449883232,0.3568286566508158,25.075285832643104,0.356,4.386,4417.531,87,charge,24,2009.0
4.199034253472881,0.3557320905689513,25.06650127402091,0.355,4.386,4422.109,87,charge,24,2009.0
4.19919441918465,0.355566803852155,25.06550862148084,0.356,4.386,4426.718,87,charge,24,2009.0
4.19905140444955,0.3562777060148355,25.056597002759318,0.355,4.386,4431.343,87,charge,24,2009.0
4.199358963596205,0.3554506409070583,25.04961220614296,0.355,4.386,4435.937,87,charge,24,2009.0
4.199465592680281,0.3556690668937677,25.051832066587615,0.355,4.386,4440.515,87,charge,24,2009.0
4.199724452804833,0.35485619344874103,25.043382318694473,0.355,4.386,4445.14,87,charge,24,2009.0
4.198527937116131,0.3466200785711808,25.035183496299993,0.345,4.381,4449.718,87,charge,24,2009.0
4.198683928042379,0.3461436343307173,25.020921826647072,0.345,4.381,4454.328,87,charge,24,2009.0
4.1986350875116605,0.3466136565738444,25.013813582769004,0.345,4.381,4458.953,87,charge,24,2009.0
4.198819910829259,0.3474975547681195,25.01124600829822,0.345,4.381,4463.531,87,charge,24,2009.0
4.1989840460501195,0.34592877913285197,25.011348219619606,0.345,4.381,4468.109,87,charge,24,2009.0
4.198981112036922,0.34647936419813335,25.00986275124299,0.345,4.381,4472.734,87,charge,24,2009.0
4.198978526764854,0.34493256758038193,25.000275976315354,0.345,4.381,4477.328,87,charge,24,2009.0
4.199018987157728,0.34549854923511086,24.99493304585546,0.345,4.381,4481.906,87,charge,24,2009.0
4.1991060902426085,0.34490588184157506,24.997590080253605,0.345,4.381,4486.562,87,charge,24,2009.0
4.1992313480871895,0.3457023022303055,24.995359311633486,0.344,4.381,4491.14,87,charge,24,2009.0
4.199248972957786,0.34516016471629135,24.992941667078455,0.344,4.381,4495.718,87,charge,24,2009.0
4.199723629260046,0.34434956064156075,24.984162803307573,0.344,4.381,4500.343,87,charge,24,2009.0
4.198509375592041,0.3363299063514367,24.96911014177286,0.335,4.376,4504.921,87,charge,24,2009.0
4.198481460474681,0.3363383583998094,24.975898405367456,0.335,4.376,4509.531,87,charge,24,2009.0
4.198595812504928,0.33536559805865473,24.970592006539917,0.335,4.376,4514.156,87,charge,24,2009.0
4.1985871188531725,0.3362406664940208,24.96093047979378,0.335,4.376,4518.75,87,charge,24,2009.0
4.198582046387806,0.335803133986019,24.96747924682935,0.334,4.376,4523.312,87,charge,24,2009.0
4.198804652877954,0.33725987427441345,24.95996384256205,0.334,4.376,4527.937,87,charge,24,2009.0
4.198980067448343,0.3333607217067019,24.95812214226753,0.334,4.376,4532.531,87,charge,24,2009.0
4.199021296627913,0.3337937310301839,24.947526659378607,0.334,4.376,4537.109,87,charge,24,2009.0
4.19926539209732,0.3346412759884688,24.937856938399225,0.334,4.376,4541.75,87,charge,24,2009.0
4.199113221014427,0.33472934769373275,24.939921174654533,0.334,4.376,4546.343,87,charge,24,2009.0
4.19932410615696,0.3353077413652219,24.938278481790906,0.334,4.376,4550.906,87,charge,24,2009.0
4.199256787873101,0.3333348458821412,24.936127810406116,0.333,4.376,4555.578,87,charge,24,2009.0
4.199569920554337,0.3345251630912411,24.933206298481814,0.333,4.376,4560.156,87,charge,24,2009.0
4.199537990728447,0.33487975882703835,24.93202116538897,0.333,4.376,4564.734,87,charge,24,2009.0
4.199627520185893,0.33368512794933175,24.919652479470606,0.333,4.376,4569.359,87,charge,24,2009.0
4.199756495092879,0.33433241492351257,24.912680143842845,0.333,4.376,4573.937,87,charge,24,2009.0
4.199847742488072,0.33392208027332376,24.918698134504304,0.333,4.376,4578.515,87,charge,24,2009.0
4.199948050464789,0.3332263385319426,24.921496208802917,0.333,4.376,4583.156,87,charge,24,2009.0
4.200133251552552,0.3333552744607366,24.914086690840378,0.331,4.376,4587.765,87,charge,24,2009.0
4.200160269095498,0.33230203548097076,24.908834331546032,0.331,4.376,4592.328,87,charge,24,2009.0
4.2003390395651365,0.33312290118904553,24.902337104505033,0.331,4.376,4596.968,87,charge,24,2009.0
4.200353942557084,0.33326808372901506,24.905998792956428,0.331,4.376,4601.546,87,charge,24,2009.0
4.20050034948159,0.3311133326036198,24.906373339654735,0.331,4.376,4606.125,87,charge,24,2009.0
4.200368799771353,0.3327234257720939,24.897038341083025,0.331,4.376,4610.796,87,charge,24,2009.0
4.200816225164664,0.3315701934120245,24.896173640400022,0.331,4.376,4615.39,87,charge,24,2009.0
4.199694494090286,0.3222214657118359,24.88958434684614,0.322,4.37,4619.953,87,charge,24,2009.0
4.198582709348972,0.31295268801445236,24.882740087745134,0.313,4.365,4624.593,87,charge,24,2009.0
4.198720781210584,0.3125085069895685,24.87963252834842,0.313,4.365,4629.171,87,charge,24,2009.0
4.198734725305414,0.31523465007577306,24.87112023234195,0.313,4.365,4633.75,87,charge,24,2009.0
4.198715498133877,0.3133517261648604,24.85845389296992,0.313,4.365,4638.375,87,charge,24,2009.0
4.198923720815437,0.3128190600826469,24.87086414229868,0.312,4.365,4642.984,87,charge,24,2009.0
4.198737682962242,0.3127076000322244,24.857316068559957,0.312,4.365,4647.562,87,charge,24,2009.0
4.198837366587538,0.3131798881045617,24.855391097020373,0.312,4.365,4652.171,87,charge,24,2009.0
4.198972439096748,0.3120888987245818,24.8640566791936,0.312,4.365,4656.812,87,charge,24,2009.0
4.198978917444213,0.3104658913845306,24.852101429315827,0.312,4.365,4661.421,87,charge,24,2009.0
4.19914225529445,0.3128121862310395,24.844920420281944,0.312,4.365,4666.093,87,charge,24,2009.0
4.199127196294659,0.3132118221782325,24.84020172146523,0.312,4.365,4670.687,87,charge,24,2009.0
4.199436654440338,0.31220854974873596,24.83753994704633,0.312,4.365,4675.25,87,charge,24,2009.0
4.199502732478655,0.3106023224146962,24.83533666489237,0.311,4.365,4679.828,87,charge,24,2009.0
4.19925042106658,0.31069789971781214,24.841201392675735,0.311,4.365,4684.468,87,charge,24,2009.0
4.199487233955064,0.3095778146075945,24.83257001119477,0.311,4.365,4689.046,87,charge,24,2009.0
4.199795087743166,0.3102311879314033,24.82697007749369,0.311,4.365,4693.625,87,charge,24,2009.0
4.200009905066234,0.3120109123073973,24.82134959557897,0.311,4.365,4698.25,87,charge,24,2009.0
4.199891681636174,0.31056332129186365,24.81980420397471,0.311,4.365,4702.843,87,charge,24,2009.0
4.199877597550082,0.30991211834743854,24.820314449019524,0.311,4.365,4707.437,87,charge,24,2009.0
4.2001710477256555,0.30896595510701325,24.810036926761438,0.311,4.365,4712.062,87,charge,24,2009.0
4.200221664802672,0.3107102955278134,24.80706542202663,0.309,4.365,4716.656,87,charge,24,2009.0
4.200400674205506,0.30906816523871167,24.80210954326234,0.309,4.365,4721.234,87,charge,24,2009.0
4.200245204109943,0.30959582704305977,24.798869414495428,0.309,4.365,4725.89,87,charge,24,2009.0
4.200301680362724,0.3113657052028332,24.799592782846346,0.309,4.365,4730.484,87,charge,24,2009.0
4.200542949398808,0.3098383005073402,24.795050736519922,0.309,4.365,4735.062,87,charge,24,2009.0
4.2005856498162,0.3096940185788594,24.791784100493288,0.309,4.365,4739.703,87,charge,24,2009.0
4.199532380841603,0.29799810288590506,24.780819499441602,0.3,4.359,4744.281,87,charge,24,2009.0
4.199486059452859,0.29955797467305023,24.78825759988381,0.3,4.359,4748.859,87,charge,24,2009.0
4.199386727292579,0.3013698978466402,24.776844633646053,0.3,4.359,4753.484,87,charge,24,2009.0
4.199614945378487,0.3003879548970709,24.77956707506013,0.3,4.359,4758.093,87,charge,24,2009.0
4.198691437499128,0.29317007869580214,24.772037604497577,0.291,4.354,4762.671,87,charge,24,2009.0
4.1986705992910265,0.290415305790862,24.76714573447364,0.291,4.354,4767.312,87,charge,24,2009.0
4.198687891574718,0.2924459293796135,24.765496980355255,0.291,4.354,4771.89,87,charge,24,2009.0
4.198767505322634,0.2892535894275921,24.76427198283183,0.291,4.354,4776.468,87,charge,24,2009.0
4.198964974304232,0.2891868799124147,24.764539384914702,0.29,4.354,4781.109,87,charge,24,2009.0
4.198873338963053,0.28927204580579075,24.74931011915594,0.29,4.354,4785.718,87,charge,24,2009.0
4.199014423170664,0.28891820794266604,24.754133537786593,0.29,4.354,4790.296,87,charge,24,2009.0
4.1990108858703605,0.2903858722767685,24.75087801479052,0.29,4.354,4794.937,87,charge,24,2009.0
4.199097389877802,0.28983030092935064,24.7482687849633,0.29,4.354,4799.515,87,charge,24,2009.0
4.199225797809267,0.2902533615103573,24.743326631287918,0.29,4.354,4804.093,87,charge,24,2009.0
4.199197893939848,0.2899627827661431,24.740545643891185,0.29,4.354,4808.734,87,charge,24,2009.0
4.199293263269606,0.2894482310698362,24.73904687284946,0.29,4.354,4813.312,87,charge,24,2009.0
4.199645857444858,0.288772865187377,24.738249535488904,0.289,4.354,4817.921,87,charge,24,2009.0
4.198581279779316,0.2826753497958195,24.731603812685563,0.28,4.349,4822.562,87,charge,24,2009.0
4.198466704759304,0.28174803438733154,24.72285334576026,0.28,4.349,4827.171,87,charge,24,2009.0
4.198362417051745,0.2814880575495666,24.723791509013548,0.28,4.349,4831.734,87,charge,24,2009.0
4.198454694498323,0.2808509205550443,24.717521050369943,0.28,4.349,4836.375,87,charge,24,2009.0
4.198618508011012,0.2815298978673004,24.70924881238971,0.28,4.349,4840.953,87,charge,24,2009.0
4.1984584827307,0.2810452584063926,24.705224171921593,0.28,4.349,4845.531,87,charge,24,2009.0
4.198533282909797,0.2829228344400573,24.692896203417547,0.28,4.349,4850.171,87,charge,24,2009.0
4.198796021018255,0.2793547195904056,24.69358302777815,0.28,4.349,4854.75,87,charge,24,2009.0
4.199055290786268,0.2800605925198638,24.686667784054553,0.28,4.349,4859.359,87,charge,24,2009.0
4.198863958612185,0.28125932316026697,24.684722633817824,0.28,4.349,4864.0,87,charge,24,2009.0
4.198931015237733,0.27949192208883467,24.682946420540066,0.279,4.349,4868.593,87,charge,24,2009.0
4.198941118447028,0.2791011744331851,24.683151561544307,0.279,4.349,4873.156,87,charge,24,2009.0
4.199257628427657,0.2775214054340505,24.68332573136817,0.279,4.349,4877.796,87,charge,24,2009.0
4.19930862922962,0.278905637442046,24.67520026148579,0.279,4.349,4882.375,87,charge,24,2009.0
4.199306014446421,0.2780735972426204,24.669818000066662,0.279,4.349,4886.953,87,charge,24,2009.0
4.199409363017333,0.280123933909884,24.67372522608211,0.279,4.349,4891.609,87,charge,24,2009.0
4.199427538397845,0.27845907017117066,24.66537400485611,0.279,4.349,4896.187,87,charge,24,2009.0
4.199540521552251,0.2782579264505744,24.66384101126298,0.277,4.349,4900.796,87,charge,24,2009.0
4.199470339425956,0.27666241029046384,24.657116153348593,0.277,4.349,4905.437,87,charge,24,2009.0
4.199701255091521,0.2772773940539489,24.65585451605869,0.277,4.349,4910.015,87,charge,24,2009.0
4.199788120251845,0.27602708338265713,24.64526626124168,0.277,4.349,4914.593,87,charge,24,2009.0
4.199914198551674,0.27645486879403164,24.647439672495814,0.277,4.349,4919.234,87,charge,24,2009.0
4.1999291287845795,0.2780197570742661,24.64831926921424,0.277,4.349,4923.812,87,charge,24,2009.0
4.19989826535423,0.2788219348857587,24.640319320851457,0.277,4.349,4928.406,87,charge,24,2009.0
4.199875419468597,0.2775823893718565,24.638744980009932,0.277,4.349,4933.062,87,charge,24,2009.0
4.2002550740972024,0.2767217943690429,24.63644450914818,0.277,4.349,4937.656,87,charge,24,2009.0
4.200297748051644,0.27689269716715365,24.63307618478651,0.277,4.349,4942.234,87,charge,24,2009.0
4.20043232901302,0.27744460712441565,24.639518386644006,0.276,4.349,4946.875,87,charge,24,2009.0
4.2004873686329605,0.2774672135653106,24.639773813078627,0.276,4.349,4951.468,87,charge,24,2009.0
4.200594162784768,0.27586147402292616,24.63501502436729,0.276,4.349,4956.093,87,charge,24,2009.0
4.199406251080242,0.2682261609413905,24.630693871644887,0.266,4.343,4960.734,87,charge,24,2009.0
4.199474971569817,0.26780129566289684,24.629574857298085,0.266,4.343,4965.328,87,charge,24,2009.0
4.199471032092601,0.26703441045458987,24.626767142323974,0.266,4.343,4969.906,87,charge,24,2009.0
4.199634531056459,0.2676240410403615,24.61879101589102,0.266,4.343,4974.546,87,charge,24,2009.0
4.19858616199411,0.2601258134276906,24.613315969706534,0.258,4.338,4979.14,87,charge,24,2009.0
4.198456872293912,0.2575783452615901,24.603200548234298,0.258,4.338,4983.734,87,charge,24,2009.0
4.198684488594661,0.2580693850845702,24.60383944608786,0.258,4.338,4988.39,87,charge,24,2009.0
4.198533690716552,0.2600350218116098,24.6009299337418,0.258,4.338,4992.984,87,charge,24,2009.0
4.198485675522218,0.25895743926697073,24.595935014347365,0.257,4.338,4997.562,87,charge,24,2009.0
4.198759308499269,0.2563986777334985,24.598704848841006,0.257,4.338,5002.203,87,charge,24,2009.0
4.19873861359592,0.2563997953234771,24.58828022523315,0.258,4.338,5006.796,87,charge,24,2009.0
4.198853791383506,0.25683811308548243,24.58883417748094,0.257,4.338,5011.375,87,charge,24,2009.0
4.198911798788951,0.256488995145898,24.58335196948226,0.257,4.338,5016.015,87,charge,24,2009.0
4.198888303602983,0.2583527502895571,24.58577492286246,0.257,4.338,5020.625,87,charge,24,2009.0
4.19895746057105,0.25877260767034943,24.577228725432338,0.257,4.338,5025.25,87,charge,24,2009.0
4.199029488659994,0.2582178531233127,24.57148418084535,0.257,4.338,5029.89,87,charge,24,2009.0
4.199137028246909,0.2553180228901025,24.573695316860707,0.257,4.338,5034.484,87,charge,24,2009.0
4.199229089038482,0.2572364671864045,24.567332452900228,0.257,4.338,5039.062,87,charge,24,2009.0
4.199391884463115,0.2573221750590565,24.57183333672245,0.257,4.338,5043.703,87,charge,24,2009.0
4.199421772735463,0.25609826800832836,24.56652774899741,0.257,4.338,5048.296,87,charge,24,2009.0
4.199351098389907,0.258613170546746,24.555144818324955,0.255,4.338,5052.875,87,charge,24,2009.0
4.199302547016817,0.256556827146408,24.55603464326882,0.255,4.338,5057.546,87,charge,24,2009.0
4.199606081524751,0.25667590401354673,24.55496134003174,0.255,4.338,5062.14,87,charge,24,2009.0
4.199593900582568,0.2558480004565109,24.557490517147013,0.255,4.338,5066.718,87,charge,24,2009.0
4.199720246494387,0.25639087427099017,24.55422568998315,0.255,4.338,5071.359,87,charge,24,2009.0
4.199731052934783,0.25514944548258467,24.554567938218447,0.255,4.338,5075.937,87,charge,24,2009.0
4.199817550076942,0.25566258971831124,24.54771062621405,0.255,4.338,5080.531,87,charge,24,2009.0
4.199907572946061,0.2559951869688674,24.543526275642055,0.255,4.338,5085.171,87,charge,24,2009.0
4.19994193272982,0.2565080469446924,24.53498403405377,0.255,4.338,5089.765,87,charge,24,2009.0
4.200041744081597,0.25421155051564226,24.54027477134271,0.255,4.338,5094.375,87,charge,24,2009.0
4.2000501099199345,0.2553626760952864,24.5374562980504,0.254,4.338,5099.015,87,charge,24,2009.0
4.200360307921221,0.2540022769228347,24.53380326587619,0.254,4.338,5103.593,87,charge,24,2009.0
4.200433313628135,0.25473550845133164,24.529986632158202,0.254,4.338,5108.187,87,charge,24,2009.0
4.2005690941818905,0.25362591785018246,24.521095443159574,0.254,4.338,5112.828,87,charge,24,2009.0
4.199313865717484,0.24631567946007762,24.521318945590192,0.246,4.332,5117.421,87,charge,24,2009.0
4.199211824505663,0.24608239842878235,24.51493810529079,0.246,4.332,5122.031,87,charge,24,2009.0
4.199346505520574,0.24690495235381593,24.509726585561985,0.246,4.332,5126.625,87,charge,24,2009.0
4.199461157863017,0.24607255275761847,24.509717900778174,0.246,4.332,5131.218,87,charge,24,2009.0
4.199580869352358,0.24570595479930252,24.504308892073574,0.244,4.332,5135.859,87,charge,24,2009.0
4.1983590745077,0.23591633290354683,24.509519187203743,0.236,4.327,5140.453,87,charge,24,2009.0
4.19840268978401,0.23744053625200393,24.510399937962926,0.236,4.327,5145.031,87,charge,24,2009.0
4.198438580868453,0.23729052204714357,24.50539778040677,0.236,4.327,5149.671,87,charge,24,2009.0
4.198340373900596,0.23609593985410052,24.50321059795015,0.236,4.327,5154.265,87,charge,24,2009.0
4.198541448832408,0.23660093723425563,24.497206990494902,0.236,4.327,5158.859,87,charge,24,2009.0
4.198602076293122,0.236543386851314,24.49812805732029,0.236,4.327,5163.531,87,charge,24,2009.0
4.198677032445133,0.23782550400994104,24.49566335655583,0.236,4.327,5168.125,87,charge,24,2009.0
4.198707702663414,0.2347470085237816,24.490938396069495,0.236,4.327,5172.703,87,charge,24,2009.0
4.198530281029818,0.23560258603438763,24.487839865087917,0.236,4.327,5177.359,87,charge,24,2009.0
4.198697310002748,0.2378411631821576,24.490094768824502,0.236,4.327,5181.937,87,charge,24,2009.0
4.1989267094173455,0.23483521539412097,24.4927392246856,0.236,4.327,5186.531,87,charge,24,2009.0
4.19901530231696,0.23464979868048347,24.490160272330346,0.236,4.327,5191.171,87,charge,24,2009.0
4.199069112027906,0.23462691401366284,24.482337235177745,0.235,4.327,5195.843,87,charge,24,2009.0
4.198972177879614,0.23515952188304143,24.474743110841835,0.235,4.327,5200.546,87,charge,24,2009.0
4.199132852913883,0.23582918032404337,24.476412431654484,0.235,4.327,5205.14,87,charge,24,2009.0
4.19923403604652,0.23818546634090978,24.464915143739624,0.235,4.327,5209.718,87,charge,24,2009.0
4.199205165522564,0.23344802983318724,24.463528620903077,0.235,4.327,5214.359,87,charge,24,2009.0
4.199288091652433,0.23539242074737468,24.461049073141755,0.235,4.327,5218.937,87,charge,24,2009.0
4.199490934440282,0.2321199427455114,24.456493467395223,0.235,4.327,5223.531,87,charge,24,2009.0
4.199256351201477,0.23574527928413086,24.458821749793128,0.235,4.327,5228.171,87,charge,24,2009.0
4.199302766829476,0.23527436635610802,24.454635187791173,0.235,4.327,5232.796,87,charge,24,2009.0
4.199586522813601,0.23544834306802243,24.45220857756657,0.233,4.327,5237.39,87,charge,24,2009.0
4.199628925426473,0.23371359903679262,24.44538328920174,0.233,4.327,5242.031,87,charge,24,2009.0
4.199721603684615,0.2362262138978339,24.44382391018629,0.233,4.327,5246.64,87,charge,24,2009.0
4.199786732618394,0.23242689499103425,24.445866186071562,0.233,4.327,5251.234,87,charge,24,2009.0
4.199950640459607,0.23452678719515554,24.44182636202285,0.233,4.327,5255.875,87,charge,24,2009.0
4.199922671497435,0.23382510283484784,24.436708442551275,0.233,4.327,5260.453,87,charge,24,2009.0
4.199900873448619,0.23583384563114823,24.433138619976983,0.233,4.327,5265.078,87,charge,24,2009.0
4.200305418282551,0.23578362223205124,24.431923216871752,0.233,4.327,5269.718,87,charge,24,2009.0
4.200161380387932,0.23516734485110335,24.436625485990476,0.233,4.327,5274.312,87,charge,24,2009.0
4.200214278236937,0.23472268713159067,24.435822759680935,0.233,4.327,5278.906,87,charge,24,2009.0
4.200239572454934,0.2346601153843041,24.431439475365117,0.233,4.327,5283.546,87,charge,24,2009.0
4.200108398001844,0.23432043523433568,24.429270814895478,0.232,4.327,5288.125,87,charge,24,2009.0
4.200381395736089,0.23320326073940656,24.428255913856013,0.232,4.327,5292.734,87,charge,24,2009.0
4.200305715221905,0.23210504700439583,24.43142560092201,0.232,4.327,5297.406,87,charge,24,2009.0
4.2006980120214426,0.23427018281815026,24.41770778515557,0.232,4.327,5302.015,87,charge,24,2009.0
4.19942195113812,0.2239477603426391,24.423994710381123,0.222,4.322,5306.609,87,charge,24,2009.0
4.199508884741191,0.2223985253461438,24.41078115825572,0.224,4.322,5311.25,87,charge,24,2009.0
4.199378735317333,0.2228139145910094,24.415105426988447,0.224,4.322,5315.843,87,charge,24,2009.0
4.199686186509587,0.2214452666970883,24.407337104479726,0.222,4.322,5320.437,87,charge,24,2009.0
4.199503251835115,0.22219390763393237,24.400807346261196,0.222,4.322,5325.109,87,charge,24,2009.0
4.199494183062046,0.22176792264664816,24.40166411250636,0.222,4.322,5329.703,87,charge,24,2009.0
4.199528525728117,0.22323038711193835,24.39397374049821,0.222,4.322,5334.296,87,charge,24,2009.0
4.199639975286139,0.22318129342397622,24.398513512276555,0.222,4.322,5338.937,87,charge,24,2009.0
4.199803217239814,0.2225957735848402,24.391497465218183,0.222,4.322,5343.531,87,charge,24,2009.0
4.199927005264571,0.22353861440895378,24.38653838927516,0.222,4.322,5348.125,87,charge,24,2009.0
4.199874554149593,0.22233719523940074,24.390034252976218,0.222,4.322,5352.75,87,charge,24,2009.0
4.1998599545749,0.22242358264909023,24.38791095959478,0.222,4.322,5357.375,87,charge,24,2009.0
4.19999672663333,0.22335879031601735,24.384917335908906,0.222,4.322,5361.968,87,charge,24,2009.0
4.19996077765753,0.2218052827105048,24.38703577202372,0.221,4.322,5366.609,87,charge,24,2009.0
4.20004937356644,0.22205292750385597,24.38809903761593,0.222,4.322,5371.187,87,charge,24,2009.0
4.200193150339952,0.22244807145369375,24.3782037672545,0.221,4.322,5375.765,87,charge,24,2009.0
4.200171790119667,0.2223903520945723,24.381530995049953,0.221,4.322,5380.406,87,charge,24,2009.0
4.20039352532386,0.22535967735321008,24.37223738896864,0.221,4.322,5384.984,87,charge,24,2009.0
4.200573185089241,0.22053179259763941,24.37926958319636,0.221,4.322,5389.609,87,charge,24,2009.0
4.199350589568914,0.21135859214545433,24.376527247291104,0.213,4.316,5394.234,87,charge,24,2009.0
4.199389342435601,0.2112692112976323,24.377596251720185,0.213,4.316,5398.812,87,charge,24,2009.0
4.199523994296151,0.21253681094354376,24.370837509519095,0.213,4.316,5403.406,87,charge,24,2009.0
4.199388390025525,0.21229342491800818,24.358194987991514,0.211,4.316,5408.031,87,charge,24,2009.0
4.199546734093839,0.21297930302001994,24.363140669311687,0.211,4.316,5412.609,87,charge,24,2009.0
4.199578387647223,0.21151309882023162,24.3578480548078,0.211,4.316,5417.203,87,charge,24,2009.0
4.1995702417720615,0.21083573584996035,24.35805239634191,0.211,4.316,5421.843,87,charge,24,2009.0
4.199650503185208,0.21091587596256237,24.354419647574865,0.211,4.316,5426.437,87,charge,24,2009.0
4.1995992788495835,0.21278391976512886,24.351907280651524,0.211,4.316,5431.015,87,charge,24,2009.0
4.199707140606544,0.21223774468891476,24.347283241391874,0.211,4.316,5435.64,87,charge,24,2009.0
4.199796120635802,0.21243141508062724,24.34295346521016,0.211,4.316,5440.234,87,charge,24,2009.0
4.199994452037592,0.21186041400016775,24.350338972909427,0.211,4.316,5444.812,87,charge,24,2009.0
4.199830834526213,0.21202157325708118,24.349987189142745,0.211,4.316,5449.437,87,charge,24,2009.0
4.200069539387089,0.21017688703135803,24.339936055984147,0.211,4.316,5454.046,87,charge,24,2009.0
4.199862421280978,0.21057838176811877,24.34235567504454,0.211,4.316,5458.625,87,charge,24,2009.0
4.200210293185235,0.21105142636748528,24.33593453805879,0.211,4.316,5463.25,87,charge,24,2009.0
4.200274380403265,0.21076289562079442,24.33037729762487,0.211,4.316,5467.843,87,charge,24,2009.0
4.200370048885536,0.21101308304682556,24.331006854344945,0.21,4.316,5472.421,87,charge,24,2009.0
4.200395902291892,0.20854473353130862,24.32743746743989,0.211,4.316,5477.046,87,charge,24,2009.0
4.200351706473497,0.2115738316388888,24.338774775291856,0.21,4.316,5481.64,87,charge,24,2009.0
4.20040039557038,0.21152543020844994,24.333988577264062,0.21,4.316,5486.234,87,charge,24,2009.0
4.200468059241935,0.2120179898351654,24.331723942615433,0.21,4.316,5490.859,87,charge,24,2009.0
4.200615295682296,0.21112825525025433,24.325956361463213,0.21,4.316,5495.468,87,charge,24,2009.0
4.199486126419922,0.20022269349907015,24.32122307786267,0.202,4.311,5500.093,87,charge,24,2009.0
4.199504757682873,0.20202998624138827,24.326093809671704,0.202,4.311,5504.734,87,charge,24,2009.0
4.199345545850555,0.20180368904399676,24.32891120674101,0.202,4.311,5509.312,87,charge,24,2009.0
4.199401860622683,0.20093798702470747,24.318513976658146,0.202,4.311,5513.953,87,charge,24,2009.0
4.199599545705938,0.20191040627103318,24.31679096898642,0.202,4.311,5518.531,87,charge,24,2009.0
4.199567162082852,0.20107323666249521,24.31614239030228,0.2,4.311,5523.109,87,charge,24,2009.0
4.199552920373728,0.2006119192989724,24.306273505556938,0.2,4.311,5527.765,87,charge,24,2009.0
4.1997337664396035,0.20061154199003686,24.301821787069624,0.202,4.311,5532.359,87,charge,24,2009.0
4.199717718237575,0.20118619798090817,24.304551572667975,0.2,4.311,5536.937,87,charge,24,2009.0
4.199807941548317,0.2002580750169831,24.311091658860953,0.2,4.311,5541.562,87,charge,24,2009.0
4.199856608338185,0.20075314027267693,24.305264994222277,0.2,4.311,5546.156,87,charge,24,2009.0
4.199925336751566,0.200596573357505,24.300425606810407,0.2,4.311,5550.734,87,charge,24,2009.0
4.1998795629780545,0.20108060035678565,24.30558488809792,0.2,4.311,5555.359,87,charge,24,2009.0
4.200097207966687,0.20141876954673682,24.288002011187654,0.2,4.311,5559.937,87,charge,24,2009.0
4.200146692788407,0.198207039169169,24.29003060051294,0.2,4.311,5564.546,87,charge,24,2009.0
4.200238692536979,0.19827856183197576,24.294000135213913,0.2,4.311,5569.203,87,charge,24,2009.0
4.2000127260716065,0.20211336542599442,24.285829181479063,0.2,4.311,5573.796,87,charge,24,2009.0
4.199981683891806,0.20046341027543207,24.29458668255798,0.2,4.311,5578.406,87,charge,24,2009.0
4.200381547644052,0.19820271712271587,24.295607792775602,0.2,4.311,5583.031,87,charge,24,2009.0
4.200276482058198,0.19961019237217958,24.287037536425277,0.2,4.311,5587.625,87,charge,24,2009.0
4.200409674400777,0.20188361475395952,24.289971906461957,0.199,4.311,5592.203,87,charge,24,2009.0
4.2005645777312335,0.20139323678305768,24.282619264804094,0.199,4.311,5596.843,87,charge,24,2009.0
4.199318581063837,0.18897770344476303,24.281381589461336,0.191,4.305,5601.421,87,charge,24,2009.0
4.19940549097539,0.19085066081711866,24.27924083737217,0.191,4.305,5606.0,87,charge,24,2009.0
4.19937042533564,0.1916465670658547,24.27523115256367,0.191,4.305,5610.656,87,charge,24,2009.0
4.199411284111167,0.19015324379187148,24.276657258387054,0.191,4.305,5615.25,87,charge,24,2009.0
4.199590677396663,0.18977582486791886,24.273769380080743,0.191,4.305,5619.828,87,charge,24,2009.0
4.199571473058833,0.19054053558157788,24.278363395005872,0.191,4.305,5624.468,87,charge,24,2009.0
4.199587137208203,0.18833412850658432,24.26846392886307,0.191,4.305,5629.046,87,charge,24,2009.0
4.199659035172576,0.18910080373566795,24.270689077944116,0.191,4.305,5633.625,87,charge,24,2009.0
4.199691907116502,0.18887748207988084,24.268334740472707,0.191,4.305,5638.265,87,charge,24,2009.0
4.1996950579544965,0.19006037491344532,24.265194670104442,0.189,4.305,5642.859,87,charge,24,2009.0
4.199749928686901,0.1888130213011973,24.26914856614859,0.191,4.305,5647.437,87,charge,24,2009.0
4.199774813554469,0.1909800275591307,24.26203439363734,0.191,4.305,5652.062,87,charge,24,2009.0
4.200017030424927,0.18928783375837452,24.2594321224397,0.189,4.305,5656.656,87,charge,24,2009.0
4.199830676436282,0.19129775854432726,24.258421535965212,0.189,4.305,5661.234,87,charge,24,2009.0
4.199954293031838,0.18927623948155484,24.256810531198074,0.189,4.305,5665.859,87,charge,24,2009.0
4.200081777896397,0.18825965811971213,24.246746101620648,0.189,4.305,5670.453,87,charge,24,2009.0
4.2001352256405795,0.18874532744657335,24.24867900415115,0.189,4.305,5675.031,87,charge,24,2009.0
4.200131270854975,0.18823831579163822,24.251561656149427,0.189,4.305,5679.671,87,charge,24,2009.0
4.2000724768553495,0.18910107733099332,24.24935299406296,0.189,4.305,5684.25,87,charge,24,2009.0
4.200209906665736,0.18923079565385167,24.25026108460947,0.189,4.305,5688.828,87,charge,24,2009.0
4.200289723290025,0.18958243477172085,24.24596529685053,0.189,4.305,5693.453,87,charge,24,2009.0
4.200291723872804,0.18826116257127914,24.23698414511485,0.189,4.305,5698.046,87,charge,24,2009.0
4.200384849022793,0.1900469043339668,24.246876058229393,0.189,4.305,5702.64,87,charge,24,2009.0
4.200391258060919,0.18944704195685025,24.246229380924195,0.189,4.305,5707.343,87,charge,24,2009.0
4.200481973438072,0.18978539171386669,24.245916138119966,0.188,4.305,5711.921,87,charge,24,2009.0
4.200621348633154,0.18799761799463616,24.235632745678753,0.188,4.305,5716.562,87,charge,24,2009.0
4.199321432691458,0.1802219114605645,24.22871381545383,0.179,4.3,5721.14,87,charge,24,2009.0
4.199469070081809,0.17866046664296287,24.23696290040359,0.179,4.3,5725.75,87,charge,24,2009.0
4.199481994460323,0.17956002382833797,24.23096786120172,0.179,4.3,5730.375,87,charge,24,2009.0
4.1996128983419325,0.17814486684175113,24.224254341585755,0.179,4.3,5734.953,87,charge,24,2009.0
4.199451519331608,0.17917986209971687,24.230517819259667,0.179,4.3,5739.562,87,charge,24,2009.0
4.199640597282655,0.1805225981026328,24.219538662532763,0.179,4.3,5744.281,87,charge,24,2009.0
4.1995316381340935,0.18192611600766234,24.222210516166278,0.179,4.3,5749.218,87,charge,24,2009.0
4.199629258224339,0.17956405086776528,24.22327697089511,0.179,4.3,5754.203,87,charge,24,2009.0
4.199884546947073,0.17813155976498016,24.21601773696181,0.179,4.3,5758.828,87,charge,24,2009.0
4.1998011346138115,0.1809347988410923,24.226242622100727,0.179,4.3,5763.5,87,charge,24,2009.0
4.199803279772981,0.18036114911963563,24.22155751793065,0.179,4.3,5768.109,87,charge,24,2009.0
4.1995248226905,0.17801827896234798,24.20927864520855,0.178,4.3,5772.718,87,charge,24,2009.0
4.199760109653993,0.17855967297745304,24.205313848554542,0.178,4.3,5777.328,87,charge,24,2009.0
4.19996928788689,0.17772502622950942,24.206241218335673,0.178,4.3,5781.89,87,charge,24,2009.0
4.19994469458137,0.1795106279674161,24.20806143331644,0.178,4.3,5786.468,87,charge,24,2009.0
4.199901341882019,0.17944118734261286,24.210394727728065,0.178,4.3,5791.093,87,charge,24,2009.0
4.200092109084693,0.1774309560407723,24.205364660071996,0.178,4.3,5795.75,87,charge,24,2009.0
4.200207513431336,0.17736918577999125,24.21395483000404,0.178,4.3,5800.328,87,charge,24,2009.0
4.200255146952585,0.17815452228963966,24.20981930926582,0.178,4.3,5804.937,87,charge,24,2009.0
4.20024250276081,0.17978640575335342,24.202108636239114,0.178,4.3,5809.515,87,charge,24,2009.0
4.200186423422814,0.17768870287493324,24.20911629831912,0.178,4.3,5814.156,87,charge,24,2009.0
4.200308527175654,0.17936717036116617,24.201944511115382,0.178,4.3,5818.734,87,charge,24,2009.0
4.2001798481260835,0.1786929860344248,24.203810405208458,0.178,4.3,5823.312,87,charge,24,2009.0
4.200396867072865,0.17780425940702704,24.195568846704486,0.178,4.3,5827.937,87,charge,24,2009.0
4.20043345808826,0.17695912619968088,24.192173760325108,0.178,4.3,5832.531,87,charge,24,2009.0
4.20048846224992,0.1790055188146622,24.194302862957585,0.178,4.3,5837.14,87,charge,24,2009.0
4.200524801169716,0.17832954324699443,24.18768816638709,0.177,4.3,5841.765,87,charge,24,2009.0
4.200641108558693,0.17699318622360893,24.188746777976245,0.177,4.3,5846.359,87,charge,24,2009.0
4.199534994230287,0.1682392649246335,24.183257594797595,0.168,4.295,5850.937,87,charge,24,2009.0
4.199276271992658,0.16759174738563312,24.18020095616046,0.168,4.295,5855.562,87,charge,24,2009.0
4.199589139051274,0.16680816191322764,24.181290263984145,0.168,4.295,5860.14,87,charge,24,2009.0
4.199533978039067,0.1692482673143944,24.17434848595154,0.168,4.295,5864.734,87,charge,24,2009.0
4.199520476044328,0.1671532688679281,24.183750902166146,0.168,4.295,5869.375,87,charge,24,2009.0
4.199515666174903,0.1671978892363424,24.185808697849275,0.168,4.295,5873.968,87,charge,24,2009.0
4.199486685186938,0.16635752602708534,24.18457053325901,0.168,4.295,5878.546,87,charge,24,2009.0
4.199595706991281,0.16771863739473764,24.18258526254205,0.168,4.295,5883.187,87,charge,24,2009.0
4.199582679783249,0.1712382843299189,24.17641128880619,0.168,4.295,5887.765,87,charge,24,2009.0
4.199645995502966,0.16679457209822196,24.17558663420153,0.168,4.295,5892.343,87,charge,24,2009.0
4.1998184109298,0.16847325755017548,24.182423216972943,0.168,4.295,5896.968,87,charge,24,2009.0
4.199852166838108,0.16799098928351605,24.176187252484006,0.167,4.295,5901.578,87,charge,24,2009.0
4.199991750788185,0.16630492014770754,24.175685036800562,0.167,4.295,5906.156,87,charge,24,2009.0
4.19997812284179,0.16752917586202792,24.166564179362833,0.167,4.295,5910.781,87,charge,24,2009.0
4.199972646060018,0.16668142875094685,24.16474435335237,0.167,4.295,5915.375,87,charge,24,2009.0
4.200093824472921,0.16734989003252085,24.167108642931748,0.167,4.295,5919.953,87,charge,24,2009.0
4.1999657141617215,0.16646433770989974,24.1635339331099,0.167,4.295,5924.578,87,charge,24,2009.0
4.2000654409204445,0.16692212004155305,24.166028638487827,0.167,4.295,5929.156,87,charge,24,2009.0
4.200002496395623,0.16717412939378667,24.170162585385793,0.167,4.295,5933.734,87,charge,24,2009.0
4.200032371120939,0.16751354428340595,24.16127470514888,0.167,4.295,5938.328,87,charge,24,2009.0
4.200213584487934,0.16573873469984388,24.156495980321665,0.167,4.295,5942.953,87,charge,24,2009.0
4.200134185417394,0.16643257473673922,24.147179050649576,0.167,4.295,5947.531,87,charge,24,2009.0
4.200418100094206,0.1673637747449512,24.153234114715293,0.167,4.295,5952.109,87,charge,24,2009.0
4.200512478966336,0.1661608483305032,24.15079903655084,0.167,4.295,5956.75,87,charge,24,2009.0
4.200400153620371,0.16740163481503545,24.149864602363376,0.167,4.295,5961.328,87,charge,24,2009.0
4.200458601991648,0.1663728321455569,24.15249391368038,0.167,4.295,5965.906,87,charge,24,2009.0
4.20041310736657,0.16643741910564008,24.146567208074234,0.166,4.295,5970.546,87,charge,24,2009.0
4.200622090483466,0.16410860517761736,24.149620104589548,0.166,4.295,5975.125,87,charge,24,2009.0
4.20056677625958,0.1666753395323424,24.144426180541547,0.166,4.295,5979.703,87,charge,24,2009.0
4.200840816074918,0.1658307376985597,24.1289579606204,0.167,4.295,5984.328,87,charge,24,2009.0
4.200564009553976,0.1659239052602833,24.130394936967754,0.166,4.295,5988.921,87,charge,24,2009.0
4.200686842830176,0.16485080190612642,24.139525254951522,0.166,4.295,5993.5,87,charge,24,2009.0
4.200754755278052,0.16685742550144045,24.130294594537972,0.166,4.295,5998.062,87,charge,24,2009.0
4.200903931636604,0.16587687566374287,24.131083159676614,0.166,4.295,6002.703,87,charge,24,2009.0
4.200762264612675,0.16535062295653286,24.12549381778729,0.166,4.295,6007.281,87,charge,24,2009.0
4.200895380018555,0.16574391835587804,24.13698935442507,0.166,4.295,6011.859,87,charge,24,2009.0
4.200920291711143,0.16470966433438133,24.1336618363267,0.166,4.295,6016.5,87,charge,24,2009.0
4.201186120482404,0.16507864746764211,24.132180500018595,0.166,4.295,6021.093,87,charge,24,2009.0
4.201125973736393,0.16517646943961214,24.122903475467744,0.166,4.295,6025.671,87,charge,24,2009.0
4.201119965605951,0.16558698300047361,24.13046096593906,0.166,4.295,6030.265,87,charge,24,2009.0
4.201209305610332,0.16450799024581447,24.121984410260836,0.166,4.295,6034.906,87,charge,24,2009.0
4.201405991445988,0.16558901385491864,24.127846802290577,0.164,4.295,6039.484,87,charge,24,2009.0
4.201454054951396,0.1631412964586834,24.117873899773308,0.164,4.295,6044.062,87,charge,24,2009.0
4.201538255091734,0.16251651856699004,24.117270322310926,0.164,4.295,6048.703,87,charge,24,2009.0
4.2014729112974365,0.1648904596630924,24.114017362808905,0.164,4.295,6053.281,87,charge,24,2009.0
4.201435586582682,0.1640744315840715,24.112273844360995,0.164,4.295,6057.859,87,charge,24,2009.0
4.201642424570552,0.16397345017501921,24.116290493969004,0.164,4.295,6062.515,87,charge,24,2009.0
4.200592654727904,0.15600914450613107,24.116868830111468,0.156,4.289,6067.109,87,charge,24,2009.0
4.199070295116956,0.14852552366854316,24.1094588128635,0.148,4.284,6071.687,87,charge,24,2009.0
4.1993195880755,0.14690671818333134,24.1056284252671,0.148,4.284,6076.328,87,charge,24,2009.0
4.199314343530696,0.14899036055389694,24.09468724290965,0.148,4.284,6080.906,87,charge,24,2009.0
4.199161729065906,0.14764687086076414,24.10709886315584,0.148,4.284,6085.484,87,charge,24,2009.0
4.199123060943995,0.15011703374020316,24.105062063982437,0.148,4.284,6090.125,87,charge,24,2009.0
4.1992915977046,0.14756054090280465,24.109124215145044,0.148,4.284,6094.703,87,charge,24,2009.0
4.199366832671881,0.1492234808465906,24.110657594321943,0.148,4.284,6099.281,87,charge,24,2009.0
4.199398257629452,0.1483534758236041,24.110639166012675,0.148,4.284,6103.843,87,charge,24,2009.0
4.199345769375014,0.14551457719818908,24.10080335450309,0.148,4.284,6108.484,87,charge,24,2009.0
4.199272393996492,0.14856796189360166,24.100531142074168,0.148,4.284,6113.078,87,charge,24,2009.0
4.199447968983003,0.14743809400911512,24.099104001775547,0.148,4.284,6117.656,87,charge,24,2009.0
4.199423433245836,0.14799588923479007,24.1004697072933,0.148,4.284,6122.296,87,charge,24,2009.0
4.199400073198867,0.14665799076119165,24.09523926911157,0.146,4.284,6126.875,87,charge,24,2009.0
4.199517863750455,0.1468358732694784,24.087762517021726,0.148,4.284,6131.468,87,charge,24,2009.0
4.1993953722420985,0.14640325802603102,24.09563492750368,0.148,4.284,6136.093,87,charge,24,2009.0
4.199457809173803,0.14665054066830477,24.09561262789989,0.146,4.284,6140.687,87,charge,24,2009.0
4.199512962051487,0.14693609376872152,24.086825741188665,0.146,4.284,6145.281,87,charge,24,2009.0
4.199572324273638,0.14681603704549573,24.095322201968948,0.146,4.284,6149.921,87,charge,24,2009.0
4.199634898572114,0.1449437626462763,24.092287910724192,0.146,4.284,6154.5,87,charge,24,2009.0
4.199622683178984,0.14683581840481555,24.08045641045602,0.146,4.284,6159.078,87,charge,24,2009.0
4.199684672655851,0.1484517535534403,24.080370717313905,0.146,4.284,6163.718,87,charge,24,2009.0
4.199837125280751,0.14769211500881535,24.07366872361394,0.146,4.284,6168.296,87,charge,24,2009.0
4.199811757438231,0.1477978402400974,24.085624914220816,0.146,4.284,6172.89,87,charge,24,2009.0
4.199949538369797,0.14447236507611758,24.08119330040845,0.146,4.284,6177.546,87,charge,24,2009.0
4.199706405533389,0.14403324663199504,24.070048139336247,0.146,4.284,6182.14,87,charge,24,2009.0
4.199703180835174,0.14565992110274056,24.076613267051584,0.146,4.284,6186.718,87,charge,24,2009.0
4.199861337576012,0.14488985189547793,24.076339965720685,0.146,4.284,6191.359,87,charge,24,2009.0
4.199928085401699,0.14498894741451013,24.074216473479726,0.146,4.284,6195.937,87,charge,24,2009.0
4.200093074716982,0.1440662895237912,24.065410952501015,0.146,4.284,6200.531,87,charge,24,2009.0
4.200057526891887,0.1430773949255016,24.05957189071007,0.146,4.284,6205.171,87,charge,24,2009.0
4.200136705248134,0.1450086335998674,24.05981665354559,0.145,4.284,6209.75,87,charge,24,2009.0
4.20020656468332,0.14502052295655368,24.06410100862907,0.145,4.284,6214.343,87,charge,24,2009.0
4.200092557166395,0.14582620956423645,24.05787997233523,0.145,4.284,6218.984,87,charge,24,2009.0
4.200288576617613,0.1460505537848863,24.05940665107071,0.145,4.284,6223.562,87,charge,24,2009.0
4.200300059108372,0.14692474798061805,24.055505146971193,0.145,4.284,6228.156,87,charge,24,2009.0
4.200312943297604,0.14387211509205847,24.0598521854449,0.145,4.284,6232.781,87,charge,24,2009.0
4.200295601594241,0.1444604394815638,24.061076163463287,0.145,4.284,6237.359,87,charge,24,2009.0
4.200336552620073,0.14665313028640586,24.055204466588858,0.145,4.284,6241.953,87,charge,24,2009.0
4.200590436900413,0.14407424929641297,24.050374879068027,0.145,4.284,6246.578,87,charge,24,2009.0
4.199185951116113,0.13479688782132918,24.047468035828263,0.135,4.278,6251.156,87,charge,24,2009.0
4.199201180476432,0.13450078482884673,24.060701836293802,0.137,4.278,6255.734,87,charge,24,2009.0
4.199102514913016,0.13687161459060151,24.05182082219716,0.137,4.278,6260.375,87,charge,24,2009.0
4.199208740925713,0.13550523786430216,24.05301786994184,0.137,4.278,6264.953,87,charge,24,2009.0
4.199122330240688,0.13739586008805724,24.05180811075937,0.137,4.278,6269.546,87,charge,24,2009.0
4.199187929226808,0.13576998384815728,24.049846141069793,0.137,4.278,6274.109,87,charge,24,2009.0
4.199347005940664,0.135067218523222,24.059694745730077,0.137,4.278,6278.781,87,charge,24,2009.0
4.199257062334657,0.13562737976871395,24.04956931469036,0.137,4.278,6283.359,87,charge,24,2009.0
4.199376780607914,0.13543805402890358,24.04927027848519,0.135,4.278,6287.937,87,charge,24,2009.0
4.199550223142987,0.13353257059894078,24.04889894790867,0.135,4.278,6292.578,87,charge,24,2009.0
4.199341252451928,0.13559661563092848,24.050273369986158,0.135,4.278,6297.156,87,charge,24,2009.0
4.199244714618196,0.13486992394756397,24.048159887001574,0.135,4.278,6301.734,87,charge,24,2009.0
4.199453353564633,0.13610156951090185,24.043888170794123,0.135,4.278,6306.375,87,charge,24,2009.0
4.199373088116048,0.13519370589061008,24.037171403926042,0.135,4.278,6310.984,87,charge,24,2009.0
4.199329643992838,0.13590764653320944,24.03920138797991,0.135,4.278,6315.562,87,charge,24,2009.0
4.19952364765947,0.13443418909158578,24.043408983941664,0.135,4.278,6320.187,87,charge,24,2009.0
4.199512750293796,0.13570581978769575,24.040299045275958,0.135,4.278,6324.781,87,charge,24,2009.0
4.1996403524528665,0.1376300924326894,24.037722777092558,0.135,4.278,6329.359,87,charge,24,2009.0
4.199555805635951,0.13550374266490717,24.046728620405222,0.135,4.278,6334.0,87,charge,24,2009.0
4.199596393868839,0.13514100109569407,24.038634320868017,0.135,4.278,6338.578,87,charge,24,2009.0
4.199775415424166,0.13456501690107864,24.042189295983643,0.135,4.278,6343.187,87,charge,24,2009.0
4.19970326288539,0.13424515654975572,24.044716371422023,0.135,4.278,6347.828,87,charge,24,2009.0
4.199696092395076,0.1346061972296065,24.040815880262485,0.135,4.278,6352.406,87,charge,24,2009.0
4.199708321461997,0.13494004447656835,24.033044014588707,0.135,4.278,6357.0,87,charge,24,2009.0
4.19983874410541,0.13405354277196,24.028408487586045,0.135,4.278,6361.625,87,charge,24,2009.0
4.199979722237714,0.13482185422556284,24.026056577473035,0.135,4.278,6366.203,87,charge,24,2009.0
4.199975328297134,0.13686336937466428,24.027646318552016,0.135,4.278,6370.796,87,charge,24,2009.0
4.199980330119216,0.1349135185864549,24.021488536457852,0.135,4.278,6375.453,87,charge,24,2009.0
4.199939888536498,0.13422828154464433,24.02618192554859,0.134,4.278,6380.031,87,charge,24,2009.0
4.199982731651898,0.1342831983392131,24.022399026305074,0.134,4.278,6384.625,87,charge,24,2009.0
4.199999738984629,0.13552293627551582,24.020969536522717,0.134,4.278,6389.25,87,charge,24,2009.0
4.200101605873601,0.13333583295007534,24.027538035487748,0.134,4.278,6393.843,87,charge,24,2009.0
4.200135507726826,0.1346341676930897,24.01476716435679,0.134,4.278,6398.421,87,charge,24,2009.0
4.2000373731711615,0.13261257211430746,24.016258657897694,0.134,4.278,6403.046,87,charge,24,2009.0
4.200172988916315,0.13279215121349994,24.0221676181851,0.134,4.278,6407.625,87,charge,24,2009.0
4.200244391684451,0.13445658990118986,24.006385410741945,0.134,4.278,6412.218,87,charge,24,2009.0
4.20034017057234,0.13442448548625544,24.015370368348346,0.134,4.278,6416.843,87,charge,24,2009.0
4.200231722666623,0.13113887408175956,24.010844831399282,0.134,4.278,6421.437,87,charge,24,2009.0
4.200269271752147,0.13274223949475383,24.010737483889656,0.134,4.278,6426.015,87,charge,24,2009.0
4.200508956568845,0.13465593579775978,24.00693690532171,0.134,4.278,6430.64,87,charge,24,2009.0
4.200302674318454,0.13486774870294987,24.00931332390762,0.134,4.278,6435.234,87,charge,24,2009.0
4.2004598936032576,0.13533979663680706,24.002548768537626,0.134,4.278,6439.828,87,charge,24,2009.0
4.200631037495326,0.13357370509688324,24.01072655590943,0.134,4.278,6444.484,87,charge,24,2009.0
4.199268779962313,0.12548146259558451,24.008173432987107,0.124,4.273,6449.078,87,charge,24,2009.0
4.199492779616429,0.12438996247132532,24.008893636329145,0.124,4.273,6453.671,87,charge,24,2009.0
4.199313716232579,0.12441860982617756,23.997930366037078,0.124,4.273,6458.296,87,charge,24,2009.0
4.199433901560301,0.12436710496510227,23.994744132193297,0.124,4.273,6462.875,87,charge,24,2009.0
4.199401561126472,0.12379805509471555,23.99814249974421,0.126,4.273,6467.468,87,charge,24,2009.0
4.199500430753704,0.12428376368865003,23.999660869121602,0.124,4.273,6472.109,87,charge,24,2009.0
4.199555736178123,0.12319609724972153,23.998498125137328,0.124,4.273,6476.718,87,charge,24,2009.0
4.199622806200913,0.1227483787790007,23.995128554707172,0.124,4.273,6481.312,87,charge,24,2009.0
4.199674909741659,0.12357905699714918,23.9904214722952,0.124,4.273,6485.953,87,charge,24,2009.0
4.199679966749213,0.12575640121268675,23.999516643557715,0.124,4.273,6490.546,87,charge,24,2009.0
4.199421282270139,0.12449212981015857,23.991874209905433,0.124,4.273,6495.14,87,charge,24,2009.0
4.1996512483271395,0.12451536806203072,23.98934103760744,0.124,4.273,6499.781,87,charge,24,2009.0
4.199438785491413,0.12424964004707828,23.991301308674874,0.124,4.273,6504.375,87,charge,24,2009.0
4.199486678484426,0.12277206785620315,24.00006778575611,0.124,4.273,6509.0,87,charge,24,2009.0
4.1996223416247656,0.1258789362224489,23.995108729432413,0.124,4.273,6513.671,87,charge,24,2009.0
4.199846672074821,0.12421723342942301,23.998166635684594,0.124,4.273,6518.281,87,charge,24,2009.0
4.199788857937008,0.12237318968708942,23.99217149606305,0.124,4.273,6522.953,87,charge,24,2009.0
4.199850718847796,0.12185587909594461,23.993894140058202,0.124,4.273,6527.562,87,charge,24,2009.0
4.199711333722273,0.12381295761589203,23.983957729467523,0.124,4.273,6532.234,87,charge,24,2009.0
4.199813552138395,0.12472884149547261,23.9855127805152,0.124,4.273,6536.843,87,charge,24,2009.0
4.199793005396997,0.1229388267408932,23.983698466568264,0.124,4.273,6541.5,87,charge,24,2009.0
4.200048462180601,0.12345480507120841,23.982957279092567,0.124,4.273,6546.093,87,charge,24,2009.0
4.199886635976035,0.12276032128748127,23.978326815261127,0.124,4.273,6550.703,87,charge,24,2009.0
4.199899160620335,0.12277747714001662,23.975387853138248,0.124,4.273,6555.375,87,charge,24,2009.0
4.199978954549579,0.12345674989954022,23.98530344400817,0.124,4.273,6559.968,87,charge,24,2009.0
4.199940623763419,0.1253267677792456,23.97910064664927,0.123,4.273,6564.625,87,charge,24,2009.0
4.200049985501089,0.12403914902111048,23.96872775555044,0.123,4.273,6569.234,87,charge,24,2009.0
4.200228205837149,0.12305958721181239,23.979996715664782,0.123,4.273,6573.875,87,charge,24,2009.0
4.200168479451747,0.1219684498349476,23.974888050323273,0.123,4.273,6578.484,87,charge,24,2009.0
4.200121960475193,0.12476847894216392,23.972550640520392,0.123,4.273,6583.078,87,charge,24,2009.0
4.200221577997226,0.12306794134592443,23.976744874098493,0.123,4.273,6587.734,87,charge,24,2009.0
4.200179616215847,0.12383698776270405,23.97126570858576,0.123,4.273,6592.328,87,charge,24,2009.0
4.20005977768567,0.12261518116593892,23.97305240499104,0.123,4.273,6596.937,87,charge,24,2009.0
4.20020664965313,0.12330077433849675,23.964299527228548,0.123,4.273,6601.578,87,charge,24,2009.0
4.20035607764251,0.12267667237030062,23.95896886385717,0.123,4.273,6606.171,87,charge,24,2009.0
4.2004773389141805,0.12217010611052416,23.960333036832814,0.123,4.273,6610.781,87,charge,24,2009.0
4.200386887388522,0.12036471348565558,23.9609416465861,0.123,4.273,6615.437,87,charge,24,2009.0
4.200361341753961,0.12259863660489338,23.961892868801577,0.123,4.273,6620.046,87,charge,24,2009.0
4.200520855126514,0.12189111893814944,23.959398073093013,0.123,4.273,6624.671,87,charge,24,2009.0
4.200517959956919,0.12304422030407768,23.96367175227167,0.123,4.273,6629.281,87,charge,24,2009.0
4.200472339173242,0.12217146519999136,23.95536390216438,0.123,4.273,6633.875,87,charge,24,2009.0
4.200595283041826,0.121390698649913,23.95201834094094,0.123,4.273,6638.546,87,charge,24,2009.0
4.199435793191792,0.11341588101540916,23.95183400353777,0.115,4.268,6643.14,87,charge,24,2009.0
4.199424431052169,0.11314313106896266,23.949473394275326,0.115,4.268,6647.781,87,charge,24,2009.0
4.199314191416795,0.11263738554825,23.952643477559025,0.115,4.268,6652.359,87,charge,24,2009.0
4.199490782549275,0.11243680828881693,23.954707958820332,0.115,4.268,6656.953,87,charge,24,2009.0
4.199551113878747,0.1148120668255589,23.948136300870612,0.115,4.268,6661.593,87,charge,24,2009.0
4.1995771702986024,0.11186571160081767,23.956626618369413,0.113,4.268,6666.187,87,charge,24,2009.0
4.199600353369978,0.11301769258195496,23.949073039859623,0.115,4.268,6670.781,87,charge,24,2009.0
4.199414967884789,0.11464080595586575,23.955848982572153,0.115,4.268,6675.406,87,charge,24,2009.0
4.1994543181039505,0.11518699782086347,23.96046120218391,0.115,4.268,6680.0,87,charge,24,2009.0
4.199551303185886,0.11484943879539833,23.963746917575012,0.115,4.268,6684.593,87,charge,24,2009.0
4.199568028647221,0.11276797791745669,23.95829476077553,0.113,4.268,6689.234,87,charge,24,2009.0
4.199552100199378,0.11240411304671265,23.951095167692078,0.113,4.268,6693.828,87,charge,24,2009.0
4.199799088726308,0.1134837546336973,23.953504932810052,0.113,4.268,6698.421,87,charge,24,2009.0
4.199654211537886,0.11023486127625731,23.954152243659138,0.113,4.268,6703.062,87,charge,24,2009.0
4.199714370724966,0.1122260829964704,23.951222287344812,0.113,4.268,6707.656,87,charge,24,2009.0
4.1997591819626,0.11167268142311382,23.950618451026024,0.113,4.268,6712.25,87,charge,24,2009.0
4.199722756648642,0.11304230656929673,23.953525013066482,0.113,4.268,6716.89,87,charge,24,2009.0
4.1999206477455635,0.11063948008931075,23.945134947313637,0.113,4.268,6721.468,87,charge,24,2009.0
4.199804311654913,0.1147685178439987,23.94261892948308,0.113,4.268,6726.062,87,charge,24,2009.0
4.1997952707911645,0.11417183328545882,23.945627033098894,0.113,4.268,6730.718,87,charge,24,2009.0
4.1998975942611425,0.11242343589738413,23.95551514336455,0.113,4.268,6735.296,87,charge,24,2009.0
4.19995382397089,0.11341546365151184,23.938948433612435,0.113,4.268,6739.89,87,charge,24,2009.0
4.19971731273901,0.11197320891207187,23.932686501301603,0.113,4.268,6744.531,87,charge,24,2009.0
4.199964270187426,0.11209161596320047,23.931460320478852,0.113,4.268,6749.125,87,charge,24,2009.0
4.1998846786731745,0.11165802879494176,23.940288546390455,0.113,4.268,6753.718,87,charge,24,2009.0
4.200059008754712,0.11302417968109717,23.93247030137207,0.113,4.268,6758.359,87,charge,24,2009.0
4.20005410746042,0.1119358100072132,23.93694928638268,0.113,4.268,6762.953,87,charge,24,2009.0
4.200155851654367,0.11277982417172773,23.940911241818796,0.113,4.268,6767.546,87,charge,24,2009.0
4.200037900633524,0.11282234793437673,23.931871659438922,0.113,4.268,6772.187,87,charge,24,2009.0
4.200053639917969,0.11032403424793398,23.9267700723303,0.113,4.268,6776.765,87,charge,24,2009.0
4.200246831689234,0.11243349577295914,23.933751913288837,0.113,4.268,6781.359,87,charge,24,2009.0
4.2001832373278996,0.1112888001837985,23.934606030517784,0.112,4.268,6786.0,87,charge,24,2009.0
4.200263400172061,0.11095517410419203,23.93566714341901,0.112,4.268,6790.593,87,charge,24,2009.0
4.200216411263921,0.11127365425573843,23.92993283149697,0.112,4.268,6795.187,87,charge,24,2009.0
4.200117515266581,0.11239580729737059,23.9317521115769,0.112,4.268,6799.859,87,charge,24,2009.0
4.200309022399667,0.11138384850913688,23.93412712745569,0.112,4.268,6804.453,87,charge,24,2009.0
4.200214300639927,0.1143084662794189,23.93355317690256,0.112,4.268,6809.046,87,charge,24,2009.0
4.200508428920888,0.11207542480038299,23.92966633024224,0.112,4.268,6813.687,87,charge,24,2009.0
4.200279476027944,0.11123208985238356,23.93165578217855,0.112,4.268,6818.265,87,charge,24,2009.0
4.200449040578098,0.11322168349105755,23.926084671639245,0.112,4.268,6822.859,87,charge,24,2009.0
4.20042921313888,0.11244695264322498,23.92523453154613,0.112,4.268,6827.5,87,charge,24,2009.0
4.200549519804427,0.11176721799879466,23.914274044089844,0.112,4.268,6832.125,87,charge,24,2009.0
4.200336493492808,0.11162070385355205,23.916687041074187,0.112,4.268,6836.718,87,charge,24,2009.0
4.200691306746165,0.11163623220918388,23.92147413542411,0.112,4.268,6841.343,87,charge,24,2009.0
4.200487773527932,0.11212787270389388,23.923905171524495,0.112,4.268,6845.937,87,charge,24,2009.0
4.2007053424572,0.11116634461406295,23.91181887313479,0.112,4.268,6850.531,87,charge,24,2009.0
4.200701726972696,0.10915800163036243,23.921041855161818,0.112,4.268,6855.171,87,charge,24,2009.0
4.200840648036771,0.11004534819397699,23.92001247941982,0.112,4.268,6859.75,87,charge,24,2009.0
4.200554304100713,0.11054636410445368,23.92671131818311,0.112,4.268,6864.375,87,charge,24,2009.0
4.200761806413746,0.11012880795941146,23.916889301201348,0.112,4.268,6869.015,87,charge,24,2009.0
4.200816766851076,0.11059581538609162,23.91463272788435,0.112,4.268,6873.609,87,charge,24,2009.0
4.200773551477624,0.11075514278512381,23.9077258648884,0.112,4.268,6878.203,87,charge,24,2009.0
4.200786837359806,0.1088354719879529,23.9144793725608,0.112,4.268,6882.843,87,charge,24,2009.0
4.200863202369451,0.10928622552883605,23.91651954648551,0.11,4.268,6887.484,87,charge,24,2009.0
4.201038952504234,0.11217815116843861,23.90725502565856,0.11,4.268,6892.14,87,charge,24,2009.0
4.200942030666586,0.10958175035897454,23.90923376639358,0.11,4.268,6896.765,87,charge,24,2009.0
4.201042959442832,0.10967340496646871,23.914221575466165,0.11,4.268,6901.484,87,charge,24,2009.0
4.201064612530229,0.1090075258788216,23.90764200087254,0.11,4.268,6906.125,87,charge,24,2009.0
4.201080487836555,0.11118120011504594,23.906527688375327,0.11,4.268,6910.75,87,charge,24,2009.0
4.20123698785395,0.11027701927143248,23.906360942714386,0.11,4.268,6915.39,87,charge,24,2009.0
4.20143078784775,0.11093180565144652,23.91156765699766,0.11,4.268,6919.984,87,charge,24,2009.0
4.201288072660121,0.11100510801023497,23.906941443796327,0.11,4.268,6924.562,87,charge,24,2009.0
4.201228053954673,0.11007167217650228,23.904027009558032,0.11,4.268,6929.203,87,charge,24,2009.0
4.201200837698676,0.11007043521615624,23.905646700830978,0.11,4.268,6933.796,87,charge,24,2009.0
4.201251085893528,0.10952032801108011,23.90084984888756,0.11,4.268,6938.39,87,charge,24,2009.0
4.201296880616289,0.10957447345574346,23.910506284387363,0.11,4.268,6943.062,87,charge,24,2009.0
4.2013780623003365,0.10760905881149842,23.90118847941767,0.11,4.268,6947.656,87,charge,24,2009.0
4.201471607334244,0.10788433579499988,23.904815162523832,0.11,4.268,6952.25,87,charge,24,2009.0
4.201472243437096,0.107251763765255,23.905316427216203,0.11,4.268,6956.906,87,charge,24,2009.0
4.2015272617926085,0.11055620285877085,23.904479108971277,0.11,4.268,6961.5,87,charge,24,2009.0
4.201615373696509,0.11009784865772759,23.896509019948674,0.11,4.268,6966.093,87,charge,24,2009.0
4.200256722933119,0.09973773269072081,23.90208247574389,0.101,4.262,6970.75,87,charge,24,2009.0
4.200434864356136,0.10156664014275402,23.895132239286166,0.101,4.262,6975.343,87,charge,24,2009.0
4.200506716553564,0.10114352281660836,23.90693726644353,0.101,4.262,6979.937,87,charge,24,2009.0
4.200310407234467,0.0986613893026685,23.89927695432447,0.101,4.262,6984.593,87,charge,24,2009.0
4.200533831035784,0.0996469265753942,23.900247527383776,0.101,4.262,6989.171,87,charge,24,2009.0
4.200386893243726,0.10072798239151483,23.898463605002647,0.101,4.262,6993.765,87,charge,24,2009.0
4.200376137915645,0.10091102425794098,23.89578942781353,0.101,4.262,6998.421,87,charge,24,2009.0
4.200417936217633,0.10005515764382764,23.894814035061437,0.101,4.262,7003.015,87,charge,24,2009.0
4.200483080156239,0.09875757496265894,23.896114442092642,0.101,4.262,7007.609,87,charge,24,2009.0
4.200481836321418,0.09990495132692383,23.89658007303482,0.101,4.262,7012.25,87,charge,24,2009.0
4.200572208863474,0.1006059951805687,23.89231598931203,0.101,4.262,7016.843,87,charge,24,2009.0
4.199264015472067,0.09182418911477307,23.8838084037745,0.093,4.251,7021.453,87,charge,24,2009.0
4.198085483844074,0.08154445313056888,23.885072287070752,0.084,4.251,7026.093,87,charge,24,2009.0
4.198102625674826,0.08230386944081203,23.891410161233242,0.084,4.246,7030.687,87,charge,24,2009.0
4.197995286284838,0.08155224702560289,23.889441767605213,0.084,4.251,7035.281,87,charge,24,2009.0
4.198015082536054,0.08286862168094143,23.891405451185086,0.084,4.251,7039.921,87,charge,24,2009.0
4.198014440591619,0.08527221806327245,23.880477654866525,0.084,4.251,7044.515,87,charge,24,2009.0
4.197944936022128,0.08189003095770905,23.890067235617323,0.084,4.251,7049.109,87,charge,24,2009.0
4.197928476341401,0.08214633741433212,23.885755428625654,0.084,4.246,7053.765,87,charge,24,2009.0
4.197952417876157,0.08148183287588918,23.88136073385682,0.084,4.246,7058.343,87,charge,24,2009.0
4.197824341757713,0.08200235462725042,23.889710066281047,0.084,4.251,7062.953,87,charge,24,2009.0
4.1978947811665694,0.08264612272687058,23.886587083987894,0.084,4.251,7067.593,87,charge,24,2009.0
4.197888417229969,0.08258499336937151,23.884800135152123,0.084,4.251,7072.203,87,charge,24,2009.0
4.197869937373503,0.08282588115682615,23.884279309977828,0.084,4.251,7076.812,87,charge,24,2009.0
4.197909467732553,0.08324648178700202,23.881522677804433,0.084,4.251,7081.468,87,charge,24,2009.0
4.197765870303257,0.08461635136783364,23.88023076996281,0.084,4.251,7086.062,87,charge,24,2009.0
4.197907417553053,0.08245499855706415,23.878528796793653,0.084,4.251,7090.718,87,charge,24,2009.0
4.197813919453309,0.08187218814336407,23.8826214768064,0.084,4.246,7095.312,87,charge,24,2009.0
4.197955456432129,0.08229883830702238,23.86968782101263,0.084,4.251,7099.906,87,charge,24,2009.0
4.197952695643762,0.0813218703693479,23.872771531934827,0.084,4.251,7104.546,87,charge,24,2009.0
4.197599318064003,0.08606799716820511,23.87782060375498,0.084,4.251,7109.14,87,charge,24,2009.0
4.197917038048305,0.08366130439380814,23.870918952110767,0.084,4.251,7113.734,87,charge,24,2009.0
4.198038085143535,0.08401467349177667,23.868204572870223,0.084,4.251,7118.39,87,charge,24,2009.0
4.197697308151109,0.08126174901055239,23.870230921800562,0.084,4.251,7123.015,87,charge,24,2009.0
4.196848252103646,0.07541241891778448,23.870012776282902,0.076,4.246,7127.734,87,charge,24,2009.0
4.1966891372925135,0.07495941482863427,23.868608862868918,0.076,4.246,7132.328,87,charge,24,2009.0
4.19677330743267,0.07384209428257077,23.869293949401346,0.076,4.246,7136.984,87,charge,24,2009.0
4.196667853586124,0.07333066919542432,23.872992304124075,0.076,4.246,7141.609,87,charge,24,2009.0
4.196841718133659,0.07547246674490427,23.86866471880008,0.076,4.246,7146.25,87,charge,24,2009.0
4.19650204752431,0.07485762076548282,23.86218776556634,0.076,4.246,7150.843,87,charge,24,2009.0
4.196580310704137,0.07610389434586852,23.872550186940128,0.076,4.246,7155.437,87,charge,24,2009.0
4.196793489414425,0.075579681080856,23.86411814295433,0.076,4.246,7160.093,87,charge,24,2009.0
4.196783535681023,0.07273621618829151,23.87151092143785,0.076,4.246,7164.671,87,charge,24,2009.0
4.196635840431963,0.07527676625863655,23.857622128667433,0.076,4.246,7169.265,87,charge,24,2009.0
4.196869924289197,0.07286375910193284,23.86327894192502,0.076,4.246,7173.937,87,charge,24,2009.0
4.196901708062314,0.07307874157104922,23.868101233500056,0.076,4.246,7178.531,87,charge,24,2009.0
4.196664954089294,0.07467736681736084,23.859723517472514,0.076,4.246,7183.125,87,charge,24,2009.0
4.19665873392472,0.07410805616077264,23.86287008289547,0.076,4.246,7187.765,87,charge,24,2009.0
4.195408423686629,0.06676300223399176,23.860457505258175,0.068,4.241,7192.343,87,charge,24,2009.0
4.196662282931056,0.07679122864870104,23.857789829153766,0.076,4.246,7196.953,87,charge,24,2009.0
4.196560555398499,0.07309571441881499,23.863305886118855,0.076,4.246,7201.593,87,charge,24,2009.0
4.196835166408778,0.07392371129219823,23.859050717872442,0.076,4.246,7206.187,87,charge,24,2009.0
4.196681804808634,0.07384429917163658,23.859524551693333,0.076,4.246,7210.75,87,charge,24,2009.0
4.196705557584931,0.07465283431829975,23.855225966166074,0.076,4.246,7215.39,87,charge,24,2009.0
4.196575643969042,0.07366610145815589,23.858051134829363,0.076,4.246,7219.984,87,charge,24,2009.0
4.1965111847530565,0.0745980872662062,23.85545001026896,0.076,4.246,7224.578,87,charge,24,2009.0
4.196670408592704,0.07564836956001487,23.857195334517183,0.076,4.246,7229.218,87,charge,24,2009.0
4.19526751962282,0.06576843739530078,23.86796799343458,0.066,4.241,7233.812,87,charge,24,2009.0
4.1965400587332145,0.07527312730188558,23.85901313689355,0.076,4.246,7238.421,87,charge,24,2009.0
4.19675617522817,0.07343462902440927,23.85570855821859,0.076,4.246,7243.062,87,charge,24,2009.0
4.196646659882451,0.0745886358904229,23.85039886432917,0.076,4.246,7247.64,87,charge,24,2009.0
4.196661390282319,0.07271774240046439,23.858197914538128,0.076,4.246,7252.234,87,charge,24,2009.0
4.196765406809296,0.07464772472308841,23.859394281509115,0.076,4.241,7256.875,87,charge,24,2009.0
4.196673689920719,0.0754668732357519,23.859761001890938,0.076,4.246,7261.468,87,charge,24,2009.0
4.196715752618838,0.07383536796700023,23.85387980790824,0.076,4.246,7266.062,87,charge,24,2009.0
4.19668418968963,0.07385509764073216,23.857614889557613,0.075,4.246,7270.718,87,charge,24,2009.0
4.196777129935622,0.0740287872830888,23.860994006040613,0.076,4.246,7275.312,87,charge,24,2009.0
4.1968771141492125,0.07307013730904612,23.8599353616986,0.075,4.246,7279.906,87,charge,24,2009.0
4.196875144661518,0.07150387428435723,23.841615250846978,0.076,4.246,7284.546,87,charge,24,2009.0
4.196911492381146,0.07304279761341512,23.8471776264114,0.076,4.246,7289.14,87,charge,24,2009.0
4.196890125129859,0.07423487210006272,23.844142125426462,0.076,4.246,7293.734,87,charge,24,2009.0
4.196886162646596,0.07488613318307012,23.85219992545539,0.076,4.246,7298.359,87,charge,24,2009.0
4.196965690246484,0.07375133677973694,23.854091155027866,0.076,4.246,7302.937,87,charge,24,2009.0
4.196927439438844,0.07457009367011118,23.84390685947628,0.076,4.246,7307.531,87,charge,24,2009.0
4.196837759197035,0.07423342904626959,23.844288039886486,0.075,4.246,7312.093,87,charge,24,2009.0
4.196779343462124,0.07207312427991984,23.845933964698844,0.075,4.246,7316.734,87,charge,24,2009.0
4.1967498227255655,0.07400275174743776,23.84644412154204,0.075,4.246,7321.328,87,charge,24,2009.0
4.196845992384962,0.07469385025969003,23.847390710899994,0.075,4.246,7325.921,87,charge,24,2009.0
4.196785684888301,0.07497589345382182,23.84684670428915,0.075,4.246,7330.546,87,charge,24,2009.0
4.196877700266159,0.0745148954919869,23.847291446128764,0.075,4.246,7335.14,87,charge,24,2009.0
4.196875290857312,0.0746905554953974,23.84997582674559,0.075,4.246,7339.718,87,charge,24,2009.0
4.196968311736003,0.07203461217343718,23.836850242881194,0.075,4.246,7344.296,87,charge,24,2009.0
4.197114408724874,0.07332093464339565,23.833540384938477,0.075,4.246,7348.921,87,charge,24,2009.0
4.19696730357916,0.07362052895531289,23.833153605060218,0.075,4.246,7353.515,87,charge,24,2009.0
4.196913338546094,0.07249532548774278,23.842150398918527,0.075,4.246,7358.093,87,charge,24,2009.0
4.19697621167474,0.07565738006779239,23.84028533539081,0.075,4.246,7362.734,87,charge,24,2009.0
4.197090937342888,0.07216022587830416,23.847600188768105,0.075,4.241,7367.328,87,charge,24,2009.0
4.1969096305725,0.0741335133702057,23.844432250699484,0.075,4.246,7371.921,87,charge,24,2009.0
4.197075820044931,0.07378730697564007,23.84905609911039,0.075,4.246,7376.562,87,charge,24,2009.0
4.197174136101009,0.07227579285250596,23.836419820121986,0.075,4.246,7381.39,87,charge,24,2009.0
4.196871325585453,0.07396255027836794,23.840962525425002,0.075,4.246,7385.984,87,charge,24,2009.0
4.197074874205087,0.07268887841734363,23.829797434448967,0.075,4.246,7390.562,87,charge,24,2009.0
4.197112421334306,0.07273313651626237,23.837114414158805,0.075,4.246,7395.203,87,charge,24,2009.0
4.197081413578429,0.07482455159995728,23.84271859950542,0.075,4.246,7399.781,87,charge,24,2009.0
4.19725147812646,0.07437819727126721,23.834243701749333,0.075,4.246,7404.359,87,charge,24,2009.0
4.197229006170166,0.07298770437349518,23.826552284421165,0.075,4.246,7409.015,87,charge,24,2009.0
4.197252935440273,0.07394093452788023,23.832047527039567,0.075,4.246,7413.593,87,charge,24,2009.0
4.197164190569061,0.07229552264429409,23.835775927303533,0.075,4.246,7418.203,87,charge,24,2009.0
4.197188578003963,0.07231141688532051,23.833684190696495,0.075,4.246,7422.843,87,charge,24,2009.0
4.197306804461129,0.07228957686890924,23.83510149790138,0.075,4.246,7427.437,87,charge,24,2009.0
4.197328582840239,0.0754845818858637,23.829044582147187,0.075,4.246,7432.031,87,charge,24,2009.0
4.197200133986908,0.07453990633093743,23.830424529580178,0.075,4.246,7436.671,87,charge,24,2009.0
4.197406767738027,0.07369683249877934,23.834556186924264,0.075,4.246,7441.281,87,charge,24,2009.0
4.1971984676514325,0.07427656570900716,23.8390408967591,0.075,4.246,7445.875,87,charge,24,2009.0
4.197421572849635,0.07339814255257845,23.839845617885906,0.075,4.246,7450.531,87,charge,24,2009.0
4.197230923471491,0.07304429516016216,23.840247238026862,0.075,4.246,7455.125,87,charge,24,2009.0
4.197354738472997,0.07326445938464969,23.837777051452584,0.075,4.246,7459.718,87,charge,24,2009.0
4.197255990952306,0.07384250184867877,23.83751753995614,0.075,4.246,7464.39,87,charge,24,2009.0
4.197256861192615,0.07372644287721043,23.834070860792444,0.075,4.246,7468.984,87,charge,24,2009.0
4.1974170450487485,0.07338269348825181,23.830921380613663,0.075,4.246,7473.578,87,charge,24,2009.0
4.197424980280264,0.07271232806825616,23.831504233708365,0.075,4.246,7478.234,87,charge,24,2009.0
4.197552590324311,0.0731507128962791,23.8385922504687,0.073,4.246,7482.828,87,charge,24,2009.0
4.197461864310571,0.07421202444780807,23.830950263569907,0.073,4.246,7487.421,87,charge,24,2009.0
4.1974191334277196,0.07440196940394675,23.826863606245933,0.073,4.246,7492.078,87,charge,24,2009.0
4.197495905654669,0.07512427475137345,23.8307993838706,0.073,4.246,7496.687,87,charge,24,2009.0
4.1974210463211215,0.0729387137076235,23.829036297310594,0.073,4.246,7501.281,87,charge,24,2009.0
4.197492281295897,0.0736580936150908,23.82491538357769,0.073,4.246,7505.937,87,charge,24,2009.0
4.197560278635008,0.07174147538222983,23.82913375830865,0.073,4.246,7510.531,87,charge,24,2009.0
4.19755826257642,0.07125665794149325,23.827499354442008,0.073,4.246,7515.109,87,charge,24,2009.0
4.197603815654511,0.07304426704159193,23.81723448026297,0.073,4.246,7519.765,87,charge,24,2009.0
4.196359358817093,0.06679480641982947,23.819202248173163,0.065,4.241,7524.359,87,charge,24,2009.0
4.1975654774843845,0.07324360620595738,23.823876032620888,0.073,4.246,7528.968,87,charge,24,2009.0
4.197672009382835,0.07364560044266533,23.826022087842624,0.073,4.246,7533.625,87,charge,24,2009.0
4.197639915771916,0.07284845249209865,23.82218149929591,0.073,4.246,7538.218,87,charge,24,2009.0
4.19778297713192,0.07157228997049812,23.82316675292428,0.073,4.246,7542.812,87,charge,24,2009.0
4.196565661841879,0.06216826632194891,23.8258385074799,0.065,4.241,7547.453,87,charge,24,2009.0
4.196736042086234,0.06539087410059541,23.82640694857412,0.065,4.241,7552.062,87,charge,24,2009.0
4.196456556124404,0.06566743452236382,23.8218322206318,0.065,4.241,7556.64,87,charge,24,2009.0
4.197639178718713,0.07257366615879224,23.81655306372478,0.073,4.246,7561.328,87,charge,24,2009.0
4.1977829467124295,0.07147604952120694,23.82322741175819,0.073,4.246,7565.921,87,charge,24,2009.0
4.1976884986632985,0.07106672357512427,23.827761590408443,0.073,4.246,7570.515,87,charge,24,2009.0
4.197882861184319,0.07123201003159288,23.816569269517725,0.073,4.246,7575.156,87,charge,24,2009.0
4.197647761977393,0.0731171536914829,23.825772882891748,0.073,4.246,7579.75,87,charge,24,2009.0
4.198098494246167,0.07100418216367532,23.81391552168628,0.073,4.246,7584.343,87,charge,24,2009.0
4.196605666326589,0.06434918836492888,23.81421295333761,0.065,4.241,7588.984,87,charge,24,2009.0
4.196753781596427,0.06508084881962937,23.821627693278938,0.065,4.241,7593.593,87,charge,24,2009.0
4.196705734291788,0.06658294681280673,23.8169781732911,0.065,4.241,7598.187,87,charge,24,2009.0
4.196536771217039,0.06452500066271478,23.81740648288342,0.065,4.241,7602.843,87,charge,24,2009.0
4.197764241054399,0.07075511299212935,23.814424184406082,0.073,4.246,7607.437,87,charge,24,2009.0
4.1980249179300255,0.0718099966081598,23.820735767595522,0.073,4.246,7612.015,87,charge,24,2009.0
4.198017858376037,0.0735110966903813,23.81349261960027,0.073,4.246,7616.671,87,charge,24,2009.0
4.197762283922426,0.07153363013605779,23.81418350237437,0.073,4.246,7621.281,87,charge,24,2009.0
4.197849091730202,0.0732200662053867,23.81435721439697,0.073,4.246,7625.921,87,charge,24,2009.0
4.19806851830711,0.07099019643541342,23.81853363465122,0.073,4.246,7630.515,87,charge,24,2009.0
4.198031732957779,0.07204064111981673,23.81335662653869,0.073,4.246,7635.109,87,charge,24,2009.0
4.198072884049244,0.07065546356171888,23.812143610694623,0.073,4.246,7639.781,87,charge,24,2009.0
4.198067212712833,0.07084745225751352,23.817556160673625,0.073,4.246,7644.375,87,charge,24,2009.0
4.197872961292018,0.07376532387740542,23.804372697429777,0.073,4.246,7649.015,87,charge,24,2009.0
4.198126471835728,0.0705575214561081,23.80963398933611,0.073,4.246,7653.625,87,charge,24,2009.0
4.198198679621125,0.06967570446480115,23.810713721086838,0.073,4.246,7658.203,87,charge,24,2009.0
4.198059132485408,0.07129055984389761,23.80884447912663,0.073,4.246,7662.843,87,charge,24,2009.0
4.198219571629843,0.07306455235831086,23.8080666943165,0.072,4.246,7667.421,87,charge,24,2009.0
4.198051425733267,0.07077963949656138,23.816988708767262,0.072,4.246,7672.031,87,charge,24,2009.0
4.198333501614706,0.07006075149834337,23.815215213593902,0.072,4.246,7676.671,87,charge,24,2009.0
4.19823100070467,0.06977821264870791,23.804353591215463,0.073,4.246,7681.265,87,charge,24,2009.0
4.198344327018861,0.07197662777320697,23.812708251442228,0.072,4.246,7685.859,87,charge,24,2009.0
4.198255246558784,0.07205099807766316,23.80961090169241,0.072,4.246,7690.515,87,charge,24,2009.0
4.198464383847139,0.06956539074948682,23.805626251900318,0.072,4.246,7695.109,87,charge,24,2009.0
4.198416174154145,0.07217750351921647,23.81087292276678,0.072,4.246,7699.703,87,charge,24,2009.0
4.198376946817428,0.07215411865096961,23.80852416940343,0.072,4.246,7704.359,87,charge,24,2009.0
4.198440407956847,0.0721372265146422,23.81257720591452,0.072,4.246,7708.953,87,charge,24,2009.0
4.19834618926895,0.07066379121204568,23.801883298107096,0.072,4.246,7713.531,87,charge,24,2009.0
4.1984802421271645,0.0698499321187696,23.79807556559477,0.072,4.241,7718.187,87,charge,24,2009.0
4.198542574018161,0.07303722034672509,23.79832543223033,0.072,4.246,7722.781,87,charge,24,2009.0
4.198448469391101,0.06999537694148227,23.78966456376251,0.072,4.246,7727.39,87,charge,24,2009.0
4.1984469639989275,0.07093336860106979,23.797432687725873,0.072,4.246,7732.046,87,charge,24,2009.0
4.198522617635344,0.06902889325428585,23.7913126537075,0.072,4.246,7736.64,87,charge,24,2009.0
4.198673360612142,0.06995958159371998,23.791986215273386,0.072,4.246,7741.218,87,charge,24,2009.0
4.19865406130375,0.0698257426100991,23.790409487517074,0.072,4.246,7745.875,87,charge,24,2009.0
4.198556361068709,0.06901883141834303,23.796567056136457,0.072,4.246,7750.468,87,charge,24,2009.0
4.198544253986664,0.0692416163507362,23.787545291174652,0.072,4.246,7755.062,87,charge,24,2009.0
4.1987530080757525,0.06862733207035394,23.786193482815353,0.072,4.246,7759.734,87,charge,24,2009.0
4.198720581661898,0.07009250147441654,23.802312720290626,0.072,4.246,7764.328,87,charge,24,2009.0
4.198578001252474,0.06806892691959704,23.794319813922318,0.072,4.246,7768.921,87,charge,24,2009.0
4.198718036098906,0.0696715766504425,23.79194416230605,0.072,4.246,7773.562,87,charge,24,2009.0
4.1987125133698875,0.06945179517909933,23.798137260449717,0.072,4.246,7778.14,87,charge,24,2009.0
4.198644571851323,0.06965018720533357,23.791292653785355,0.072,4.246,7782.75,87,charge,24,2009.0
4.198710902065618,0.0708983056912684,23.805349829729515,0.072,4.246,7787.39,87,charge,24,2009.0
4.198721768350743,0.06858215878096995,23.790951972535165,0.072,4.246,7792.015,87,charge,24,2009.0
4.198737363180002,0.06967431256982248,23.7931887471418,0.072,4.246,7796.593,87,charge,24,2009.0
4.198796377632785,0.07204053161434357,23.795033776491195,0.072,4.246,7801.25,87,charge,24,2009.0
4.198909453603647,0.07127303390008717,23.796980370507402,0.072,4.246,7805.828,87,charge,24,2009.0
4.198865853355922,0.07058878578936892,23.788820329440934,0.07,4.246,7810.421,87,charge,24,2009.0
4.19883756040349,0.07202499040713838,23.791294521085437,0.07,4.246,7815.062,87,charge,24,2009.0
4.198853019865813,0.06970183427547239,23.790173190481074,0.07,4.246,7819.656,87,charge,24,2009.0
4.198978211798429,0.07020514123291746,23.793398225425967,0.07,4.246,7824.281,87,charge,24,2009.0
4.198900489830119,0.06977352740942426,23.78533744455339,0.07,4.246,7828.937,87,charge,24,2009.0
4.1989323348560275,0.06981238923722631,23.782676744585405,0.07,4.246,7833.515,87,charge,24,2009.0
4.198996105722317,0.06809442789193722,23.785539910450936,0.07,4.246,7838.156,87,charge,24,2009.0
4.198930855177705,0.06880898546521783,23.78201976593086,0.07,4.246,7842.75,87,charge,24,2009.0
4.198962718391835,0.06777901984683588,23.77824158107452,0.07,4.246,7847.343,87,charge,24,2009.0
4.198996932077228,0.07287472556770538,23.779776766050578,0.07,4.246,7851.984,87,charge,24,2009.0
4.1989069927785385,0.06893946907913658,23.78473034772469,0.07,4.246,7856.593,87,charge,24,2009.0
4.199114561905166,0.06960514074486522,23.78987959622543,0.07,4.246,7861.187,87,charge,24,2009.0
4.199092854381091,0.06971983980999576,23.790634203444853,0.07,4.246,7865.828,87,charge,24,2009.0
4.1990958428754475,0.0696982228411674,23.784449362954607,0.07,4.246,7870.406,87,charge,24,2009.0
4.19920124322836,0.07031222387201054,23.78087982925172,0.07,4.246,7875.015,87,charge,24,2009.0
4.198971085014162,0.06948179296683084,23.783163054002582,0.07,4.246,7879.656,87,charge,24,2009.0
4.198100493563157,0.06192798905687961,23.784625020693127,0.062,4.241,7884.234,87,charge,24,2009.0
4.1980698690255505,0.06101262092469612,23.78372381998355,0.062,4.241,7888.828,87,charge,24,2009.0
4.1980721244861945,0.06146297985005649,23.779712206690505,0.062,4.241,7893.468,87,charge,24,2009.0
4.197991036966999,0.06197511221020979,23.772618378770936,0.062,4.241,7898.046,87,charge,24,2009.0
4.1979342652837115,0.06103280048308264,23.76960553982238,0.062,4.241,7902.64,87,charge,24,2009.0
4.198101422378947,0.06114210416211522,23.780928039328543,0.062,4.241,7907.281,87,charge,24,2009.0
4.198078900471705,0.06124765340539324,23.779608103823136,0.062,4.241,7911.859,87,charge,24,2009.0
4.198216467524603,0.060724521508264476,23.775322474621927,0.062,4.241,7916.453,87,charge,24,2009.0
4.198188029780564,0.0605681213362564,23.77665230428777,0.062,4.241,7921.031,87,charge,24,2009.0
4.198186480438629,0.061223843941162315,23.76935448295394,0.062,4.241,7925.656,87,charge,24,2009.0
4.19813475988797,0.06050830338221822,23.78089033809657,0.062,4.241,7930.25,87,charge,24,2009.0
4.198031951259808,0.06072045724277066,23.772104823492295,0.062,4.241,7934.843,87,charge,24,2009.0
4.197967914909719,0.061509116730175374,23.769832262150054,0.062,4.241,7939.468,87,charge,24,2009.0
4.198047160094311,0.06044058820852963,23.769195455043892,0.062,4.241,7944.062,87,charge,24,2009.0
4.198152787446128,0.06111378740746958,23.768408946902518,0.062,4.241,7948.656,87,charge,24,2009.0
4.198193426975666,0.06198142226453833,23.757380306611374,0.062,4.241,7953.218,87,charge,24,2009.0
4.198042270562699,0.05976084120503852,23.777496502426885,0.062,4.241,7957.859,87,charge,24,2009.0
4.198173730059459,0.0603997458720662,23.77937137457731,0.062,4.241,7962.453,87,charge,24,2009.0
4.198071589945956,0.060421807656069214,23.772289039094264,0.062,4.241,7967.046,87,charge,24,2009.0
4.1983691866096615,0.06029950246955271,23.771568384048475,0.062,4.241,7971.671,87,charge,24,2009.0
4.198299853811468,0.06085577772355729,23.768468464717596,0.062,4.241,7976.265,87,charge,24,2009.0
4.198319871051172,0.059808177917382195,23.770012796000177,0.062,4.241,7980.859,87,charge,24,2009.0
4.198261799678724,0.06057703716752236,23.772159887843603,0.062,4.241,7985.421,87,charge,24,2009.0
4.198151577069663,0.0600139405163243,23.77520657090481,0.062,4.241,7990.062,87,charge,24,2009.0
4.1982993961034145,0.06036435656220952,23.774378769634865,0.062,4.241,7994.64,87,charge,24,2009.0
4.198310607035332,0.06301571225054348,23.76444069190681,0.062,4.241,7999.234,87,charge,24,2009.0
4.1982044991282095,0.060887333200931995,23.76992707524927,0.062,4.235,8003.875,87,charge,24,2009.0
4.1982935379804776,0.06054770213632798,23.768330916196543,0.061,4.241,8008.468,87,charge,24,2009.0
4.198242594426914,0.061026969212803234,23.76470151644301,0.061,4.241,8013.062,87,charge,24,2009.0
4.198354755688857,0.06083511542546483,23.766924550285783,0.062,4.241,8017.64,87,charge,24,2009.0
4.198370994101535,0.06021085685920043,23.75715241348718,0.061,4.241,8022.281,87,charge,24,2009.0
4.198291490724837,0.06051500046647049,23.75988725477424,0.062,4.241,8026.859,87,charge,24,2009.0
4.198487784142544,0.059797072164609166,23.7612715091092,0.062,4.241,8031.453,87,charge,24,2009.0
4.198383852220637,0.06112932135512799,23.76403618740609,0.062,4.241,8036.093,87,charge,24,2009.0
4.198205551289108,0.05973452133200596,23.76574707032502,0.061,4.241,8040.687,87,charge,24,2009.0
4.198384882866394,0.06060315444044911,23.763037175968325,0.061,4.241,8045.281,87,charge,24,2009.0
4.198605320308589,0.06053637417217292,23.762440904680357,0.061,4.241,8049.859,87,charge,24,2009.0
4.198515231446499,0.060674999020601944,23.759070913372184,0.061,4.241,8054.5,87,charge,24,2009.0
4.198620677703025,0.061737857173859045,23.762795035713335,0.061,4.241,8059.093,87,charge,24,2009.0
4.198463784656014,0.05976752577156723,23.768694309409423,0.061,4.241,8063.671,87,charge,24,2009.0
4.198475635407006,0.06093677101088652,23.76852358229336,0.061,4.241,8068.328,87,charge,24,2009.0
4.198347386567157,0.060977738851170867,23.759250335360576,0.061,4.241,8072.984,87,charge,24,2009.0
4.198503813657065,0.06125109697446656,23.764767453619886,0.061,4.241,8077.625,87,charge,24,2009.0
4.198537910215801,0.06011301707495345,23.761175536913836,0.061,4.241,8082.234,87,charge,24,2009.0
4.19855923698168,0.060537266441225014,23.757826596367433,0.061,4.241,8086.843,87,charge,24,2009.0
4.1987841720669925,0.05941121841666634,23.757667590296915,0.061,4.241,8091.484,87,charge,24,2009.0
4.1986706422469195,0.06079908433047032,23.765383076336285,0.061,4.241,8096.078,87,charge,24,2009.0
4.198516250503567,0.06018819422884094,23.76573833599243,0.061,4.241,8100.671,87,charge,24,2009.0
4.198583897692657,0.05947857772913372,23.7629502649544,0.061,4.241,8105.421,87,charge,24,2009.0
4.198627713756087,0.059654598226405,23.763224404339294,0.061,4.241,8110.421,87,charge,24,2009.0
4.198661914739208,0.06018661303121508,23.763494357162266,0.061,4.241,8115.375,87,charge,24,2009.0
4.198758479092526,0.059990763671878736,23.75517367196426,0.061,4.241,8119.984,87,charge,24,2009.0
4.1988447389677335,0.060614421614895525,23.760369597653405,0.061,4.241,8124.671,87,charge,24,2009.0
4.198709584727837,0.060280252782735556,23.76854842577355,0.061,4.241,8129.265,87,charge,24,2009.0
4.198734391629578,0.05995174412378937,23.76318449716825,0.061,4.241,8133.843,87,charge,24,2009.0
4.198701945092351,0.06082004985234547,23.75761537152351,0.061,4.241,8138.484,87,charge,24,2009.0
4.19857613350339,0.06068771797914529,23.761888636516566,0.061,4.241,8143.062,87,charge,24,2009.0
4.198593444435501,0.06140092690353673,23.761142397195865,0.061,4.241,8147.656,87,charge,24,2009.0
4.198863021340737,0.06105152971903501,23.767572678297274,0.061,4.241,8152.296,87,charge,24,2009.0
4.198819257774077,0.06060810203831367,23.766869187334756,0.061,4.241,8156.906,87,charge,24,2009.0
4.198638603471992,0.06358323785440688,23.76839395014669,0.061,4.241,8161.5,87,charge,24,2009.0
4.197567618865638,0.05009733669323281,23.758651739272675,0.051,4.235,8166.14,87,charge,24,2009.0
4.1964804636619215,0.04225278380422449,23.763970052766044,0.043,4.23,8170.718,87,charge,24,2009.0
4.197686171986211,0.04922178115160178,23.764184300737416,0.051,4.235,8175.312,87,charge,24,2009.0
4.19627974611293,0.04297240719408328,23.755481459945283,0.043,4.23,8179.953,87,charge,24,2009.0
4.197560895479696,0.05125812072084805,23.767778148931143,0.051,4.235,8184.546,87,charge,24,2009.0
4.196277242601905,0.04211643031104618,23.755953339598566,0.043,4.23,8189.171,87,charge,24,2009.0
4.197251211605101,0.050972621497703076,23.749147588070567,0.051,4.235,8193.828,87,charge,24,2009.0
4.19616500625717,0.04203297594075609,23.754502624735323,0.043,4.23,8198.39,87,charge,24,2009.0
4.197471447330655,0.05108262429354197,23.759121459534544,0.051,4.235,8203.0,87,charge,24,2009.0
4.1962736803143965,0.04327007584640509,23.757384234521833,0.043,4.23,8207.64,87,charge,24,2009.0
4.197553478476136,0.050015256969481496,23.760599096859057,0.051,4.23,8212.234,87,charge,24,2009.0
4.196411882710279,0.04169475251471788,23.754182198542036,0.043,4.23,8216.828,87,charge,24,2009.0
4.197374190643745,0.05191005627017421,23.747786687305748,0.051,4.235,8221.5,87,charge,24,2009.0
4.197307179824167,0.049242755303723254,23.757152601365544,0.051,4.235,8226.078,87,charge,24,2009.0
4.197470929970675,0.049673430598168845,23.75048504264128,0.051,4.235,8230.671,87,charge,24,2009.0
4.197403692632311,0.050748505704288675,23.7581129123118,0.051,4.235,8235.328,87,charge,24,2009.0
4.197530094872776,0.04943192151795285,23.758655392718005,0.051,4.235,8239.921,87,charge,24,2009.0
4.197663724107146,0.050284525725432766,23.74969762788271,0.051,4.235,8244.515,87,charge,24,2009.0
4.197639286333608,0.04993076725478836,23.753563907408072,0.051,4.23,8249.171,87,charge,24,2009.0
4.197666786641743,0.04876338538208846,23.75131817937197,0.051,4.235,8253.765,87,charge,24,2009.0
4.19758698832263,0.051514711623851246,23.751837443953118,0.051,4.235,8258.375,87,charge,24,2009.0
4.196370228431226,0.041575913087069795,23.754611916722776,0.043,4.23,8263.015,87,charge,24,2009.0
4.195209158648989,0.03299362292812849,23.752768472733532,0.035,4.224,8267.625,87,charge,24,2009.0
4.196261220900286,0.04155067948116205,23.753049279602905,0.043,4.23,8272.203,87,charge,24,2009.0
4.1975361965665785,0.05113706008314513,23.74193732030683,0.053,4.235,8276.859,87,charge,24,2009.0
4.197629724029152,0.04973173885553861,23.75315911364885,0.051,4.235,8281.453,87,charge,24,2009.0
4.197629160321178,0.05085396856058468,23.746294937670974,0.051,4.235,8286.046,87,charge,24,2009.0
4.197508125303212,0.04838060436640468,23.75237880048228,0.051,4.235,8290.703,87,charge,24,2009.0
4.197706413562916,0.05140121923953748,23.751607526174435,0.051,4.235,8295.312,87,charge,24,2009.0
4.1975645150492324,0.05110889292980157,23.747876818157867,0.051,4.235,8299.89,87,charge,24,2009.0
4.196449221465924,0.03998794265005613,23.747972030916788,0.043,4.23,8304.546,87,charge,24,2009.0
4.197604330324439,0.050979064567414245,23.749562548587406,0.051,4.235,8309.156,87,charge,24,2009.0
4.1975324764978446,0.05290202314974648,23.747137363362064,0.051,4.235,8313.75,87,charge,24,2009.0
4.197817611904914,0.048008113148777204,23.74877506845139,0.051,4.235,8318.39,87,charge,24,2009.0
4.1974756059480365,0.05133836188885467,23.747687372977097,0.051,4.235,8323.0,87,charge,24,2009.0
4.197603642156757,0.05003717771358147,23.748583772174566,0.051,4.235,8327.593,87,charge,24,2009.0
4.1963588027060545,0.04224271143434798,23.75093355808553,0.043,4.23,8332.25,87,charge,24,2009.0
4.197578301673039,0.05083992276585412,23.748930090015204,0.051,4.235,8336.859,87,charge,24,2009.0
4.197653511704902,0.05081002209891422,23.748303822681848,0.051,4.23,8341.515,87,charge,24,2009.0
4.197634331207386,0.05086228600514653,23.74454489793318,0.051,4.23,8346.125,87,charge,24,2009.0
4.197640325478992,0.04910966003035371,23.74692358132703,0.051,4.235,8350.718,87,charge,24,2009.0
4.19645079936724,0.04346735641549019,23.74974451823828,0.043,4.23,8355.375,87,charge,24,2009.0
4.197653393860819,0.050148870936853766,23.746544483491974,0.051,4.235,8359.984,87,charge,24,2009.0
4.197716412123822,0.05189606441605705,23.74896392090508,0.051,4.235,8364.64,87,charge,24,2009.0
4.197799151490672,0.050354033255788064,23.744516763272394,0.051,4.235,8369.25,87,charge,24,2009.0
4.1977904623388,0.051072856507799004,23.74378237683716,0.051,4.235,8373.843,87,charge,24,2009.0
4.197800074062154,0.050764788626875806,23.74045076840676,0.051,4.235,8378.5,87,charge,24,2009.0
4.197832350940846,0.05055623594380678,23.744611403285187,0.051,4.235,8383.109,87,charge,24,2009.0
4.197690725854389,0.049417859547097195,23.746511666252836,0.051,4.235,8387.703,87,charge,24,2009.0
4.197871790593104,0.05078978055900094,23.748149458361308,0.051,4.235,8392.359,87,charge,24,2009.0
4.197769467367273,0.050769849210851474,23.75230306841914,0.051,4.23,8396.953,87,charge,24,2009.0
4.197846646648979,0.04859624172765896,23.745364771233582,0.051,4.235,8401.625,87,charge,24,2009.0
4.197756626781047,0.05187801151389059,23.74605202956332,0.051,4.235,8406.218,87,charge,24,2009.0
4.197878389445046,0.05047710431888616,23.73690772339175,0.051,4.235,8410.828,87,charge,24,2009.0
4.196980767951301,0.04414262114807473,23.74561691924564,0.043,4.23,8415.484,87,charge,24,2009.0
4.196619820451213,0.0421066914619664,23.743999322689234,0.043,4.224,8420.093,87,charge,24,2009.0
4.196438946428103,0.040593733964587576,23.739375691451425,0.043,4.23,8424.687,87,charge,24,2009.0
4.19761623824136,0.04871906959260534,23.745806951328813,0.051,4.235,8429.343,87,charge,24,2009.0
4.196754012719125,0.040831254285164216,23.733388865960027,0.043,4.23,8433.953,87,charge,24,2009.0
4.1965905439328886,0.041779023387867424,23.73635854950398,0.043,4.23,8438.609,87,charge,24,2009.0
4.196836257138194,0.04280580000965078,23.741039177314146,0.043,4.23,8443.203,87,charge,24,2009.0
4.196574439383916,0.04272050148682302,23.743061064239846,0.043,4.23,8447.796,87,charge,24,2009.0
4.196646101898697,0.04174008231307049,23.733862717383964,0.043,4.23,8452.468,87,charge,24,2009.0
4.196700913032867,0.04113138487490388,23.73849023571383,0.043,4.23,8457.062,87,charge,24,2009.0
4.196587245942283,0.0420762774944071,23.738544372645944,0.043,4.23,8461.718,87,charge,24,2009.0
4.196605405331096,0.04063897764049291,23.741232922574962,0.043,4.23,8466.328,87,charge,24,2009.0
4.196638303318791,0.040814131291578425,23.73827494826044,0.043,4.23,8470.921,87,charge,24,2009.0
4.19674569831495,0.041459289576756965,23.733715892786737,0.043,4.23,8475.578,87,charge,24,2009.0
4.19661093969433,0.04022657604442039,23.730682556081504,0.043,4.23,8480.187,87,charge,24,2009.0
4.195511569929975,0.035238789265606786,23.736149709041474,0.035,4.224,8484.796,87,charge,24,2009.0
4.196359351124203,0.04254331202666631,23.73563913354064,0.043,4.23,8489.453,87,charge,24,2009.0
4.19749040202446,0.05044598817316984,23.735399908424956,0.051,4.235,8494.062,87,charge,24,2009.0
4.197677804428833,0.050598265467488544,23.729595665260646,0.051,4.23,8498.718,87,charge,24,2009.0
4.197805714907925,0.050063864785932576,23.7443877592544,0.051,4.235,8503.328,87,charge,24,2009.0
4.197717232554861,0.050053330188995306,23.747364147158883,0.051,4.23,8507.921,87,charge,24,2009.0
4.197928765772087,0.04773270991511907,23.734770660097823,0.051,4.235,8512.593,87,charge,24,2009.0
4.198165616260934,0.05100420734441683,23.727310490472778,0.051,4.235,8517.187,87,charge,24,2009.0
4.197935204162162,0.05033006390419715,23.73286767124894,0.051,4.235,8521.796,87,charge,24,2009.0
4.196816312715984,0.04157685858406338,23.728825585200212,0.043,4.23,8526.453,87,charge,24,2009.0
4.196920836077573,0.04260805695395087,23.73446071177746,0.043,4.224,8531.062,87,charge,24,2009.0
4.196874700765082,0.0404574219611604,23.735448045095538,0.043,4.224,8535.734,87,charge,24,2009.0
4.196887152841035,0.04238494393993151,23.72778117353663,0.041,4.23,8540.328,87,charge,24,2009.0
4.1969046820196,0.04095419955460813,23.72422261482111,0.043,4.23,8544.937,87,charge,24,2009.0
4.196876681161488,0.04161030498928387,23.728377521596997,0.043,4.23,8549.593,87,charge,24,2009.0
4.196633111971923,0.04284881796138435,23.731572116077462,0.043,4.23,8554.218,87,charge,24,2009.0
4.196855184219268,0.040979757640986325,23.74070976077139,0.041,4.224,8558.828,87,charge,24,2009.0
4.195669557810015,0.032336697421963635,23.73095932139884,0.033,4.224,8563.484,87,charge,24,2009.0
4.195676876042641,0.03162897535691868,23.733036423454703,0.033,4.224,8568.093,87,charge,24,2009.0
4.19551473176573,0.03225795735840112,23.73072186585564,0.033,4.224,8572.75,87,charge,24,2009.0
4.196557871949977,0.04246073626932831,23.72519751176813,0.043,4.23,8577.359,87,charge,24,2009.0
4.19692157980728,0.041080822241262985,23.72381537957733,0.043,4.23,8581.968,87,charge,24,2009.0
4.196639005988379,0.04253115801738097,23.72959920333645,0.043,4.23,8586.64,87,charge,24,2009.0
4.1967493748833595,0.0399706562132843,23.72375150728616,0.043,4.23,8591.25,87,charge,24,2009.0
4.196794667121753,0.04299632324351751,23.72771445978335,0.043,4.224,8595.921,87,charge,24,2009.0
4.196791294353196,0.041583443079442124,23.73412148838073,0.043,4.23,8600.515,87,charge,24,2009.0
4.196864559777669,0.04141832918835239,23.7324210378585,0.043,4.23,8605.125,87,charge,24,2009.0
4.196595210009536,0.04236210167253777,23.73134605540025,0.043,4.23,8609.781,87,charge,24,2009.0
4.197091779427755,0.042698349692005304,23.73439870245961,0.041,4.23,8614.39,87,charge,24,2009.0
4.195652260944672,0.03220115090623474,23.732570721860895,0.033,4.219,8618.984,87,charge,24,2009.0
4.195696231828714,0.03189076244936913,23.722377130492454,0.033,4.224,8623.64,87,charge,24,2009.0
4.195523660076909,0.033032563359131385,23.721063514414652,0.033,4.224,8628.25,87,charge,24,2009.0
4.196771304656288,0.041802605646573815,23.725945141826884,0.043,4.23,8632.906,87,charge,24,2009.0
4.196723183836655,0.04315135262179488,23.7250805236022,0.043,4.23,8637.515,87,charge,24,2009.0
4.196940189305511,0.04220914017687308,23.7213223827503,0.041,4.23,8642.125,87,charge,24,2009.0
4.196714316979379,0.04272551272522208,23.720388972134433,0.043,4.23,8646.781,87,charge,24,2009.0
4.19679831782907,0.04103263255882564,23.730943575020905,0.043,4.23,8651.375,87,charge,24,2009.0
4.196765535828706,0.04184620027042006,23.72270927814209,0.043,4.224,8655.984,87,charge,24,2009.0
4.195456690510482,0.03427229591124778,23.725693190119742,0.033,4.224,8660.64,87,charge,24,2009.0
4.1964936177221,0.042160651522715364,23.723690584350134,0.043,4.23,8665.25,87,charge,24,2009.0
4.197823789144364,0.04907343097138643,23.724526432365238,0.051,4.235,8669.906,87,charge,24,2009.0
4.198173086813315,0.05114668342333114,23.721599010859887,0.051,4.235,8674.515,87,charge,24,2009.0
4.1981143882363074,0.05030501948037894,23.728924301055212,0.05,4.235,8679.125,87,charge,24,2009.0
4.198295219130357,0.049376576418309344,23.733477659545294,0.05,4.235,8683.781,87,charge,24,2009.0
4.198171659057989,0.04959511357968374,23.713457045026583,0.05,4.235,8688.39,87,charge,24,2009.0
4.1983442177671195,0.04956776763924721,23.722337277588995,0.05,4.235,8692.984,87,charge,24,2009.0
4.198427275587285,0.05087099693789458,23.712393596009157,0.05,4.235,8697.64,87,charge,24,2009.0
4.198387123746659,0.04723384492175924,23.72163946723486,0.05,4.235,8702.25,87,charge,24,2009.0
4.198319228296554,0.049551447108588255,23.73029488010026,0.05,4.235,8706.906,87,charge,24,2009.0
4.198287674362351,0.04936790165563061,23.71983666442102,0.05,4.235,8711.515,87,charge,24,2009.0
4.198322272925101,0.05118742057037442,23.720831794114474,0.05,4.23,8716.125,87,charge,24,2009.0
4.197632937147059,0.04029272946581217,23.720468794772277,0.041,4.23,8720.781,87,charge,24,2009.0
4.197156254775286,0.04167876463080622,23.723644947698133,0.041,4.23,8725.39,87,charge,24,2009.0
4.1970957502866,0.04064963904906312,23.72133839703391,0.041,4.224,8730.046,87,charge,24,2009.0
4.197207534563984,0.04038103382109711,23.720518662631296,0.041,4.23,8734.656,87,charge,24,2009.0
4.19710389387346,0.03988005406558773,23.72190666658503,0.041,4.23,8739.25,87,charge,24,2009.0
4.19593214954395,0.03284817367125314,23.72096968676432,0.033,4.224,8743.906,87,charge,24,2009.0
4.195933962251684,0.03224119723962968,23.722922162167485,0.033,4.224,8748.515,87,charge,24,2009.0
4.195973116846234,0.0326693419930463,23.714937707929185,0.033,4.224,8753.109,87,charge,24,2009.0
4.195934784442539,0.032963798189547415,23.725111870047403,0.033,4.224,8757.781,87,charge,24,2009.0
4.195856405323078,0.03395513959582802,23.719212039346104,0.033,4.224,8762.375,87,charge,24,2009.0
4.196002850433412,0.031698715283838386,23.717763442128735,0.033,4.224,8767.031,87,charge,24,2009.0
4.195988853366879,0.031231449653163445,23.712724376710593,0.033,4.224,8771.625,87,charge,24,2009.0
4.195941727610587,0.032238202430162365,23.71815424903137,0.033,4.224,8776.218,87,charge,24,2009.0
4.196039958530026,0.0317523590020542,23.717175612487743,0.033,4.224,8780.859,87,charge,24,2009.0
4.195875750193914,0.0313230751604561,23.710618393286303,0.033,4.224,8785.453,87,charge,24,2009.0
4.195759956735341,0.03282163841192628,23.711786428002327,0.033,4.224,8790.062,87,charge,24,2009.0
4.195823312325394,0.03364782928165391,23.702435672550582,0.033,4.224,8794.718,87,charge,24,2009.0
4.19573629644907,0.033400664561955784,23.707145730932492,0.033,4.224,8799.312,87,charge,24,2009.0
4.196025151287329,0.03371626442431847,23.702439527300438,0.033,4.224,8803.906,87,charge,24,2009.0
4.1959232776602,0.03267379050017547,23.7167335684849,0.033,4.224,8808.562,87,charge,24,2009.0
4.195747723753988,0.032299492712869776,23.71580117773212,0.033,4.224,8813.156,87,charge,24,2009.0
4.195997736146929,0.031130471883229722,23.719793008557456,0.033,4.224,8817.812,87,charge,24,2009.0
4.196062649045546,0.033354914188553304,23.731621482690027,0.033,4.224,8822.421,87,charge,24,2009.0
4.196034545796606,0.03170592137628955,23.730129390946992,0.033,4.224,8827.015,87,charge,24,2009.0
4.196012211502872,0.030552187932334426,23.726423341495384,0.033,4.224,8831.671,87,charge,24,2009.0
4.195891363329675,0.03267091996320497,23.72173378301522,0.033,4.224,8836.265,87,charge,24,2009.0
4.195970366109145,0.03124234126068037,23.71465833086846,0.033,4.224,8840.921,87,charge,24,2009.0
4.196045651575816,0.0316217035095329,23.721451933953464,0.033,4.224,8845.531,87,charge,24,2009.0
4.195920313260789,0.0310692216270414,23.72246835570951,0.033,4.224,8850.125,87,charge,24,2009.0
4.196087874977494,0.032837965562886096,23.723675643036,0.033,4.224,8854.781,87,charge,24,2009.0
4.195746708872902,0.0331822474677562,23.72323548009239,0.033,4.224,8859.375,87,charge,24,2009.0
4.195791675425383,0.03277323472069322,23.724902269098582,0.033,4.224,8863.953,87,charge,24,2009.0
4.195805943227116,0.03031757297029004,23.727639185561504,0.033,4.224,8868.609,87,charge,24,2009.0
4.19572380064645,0.03244914563510673,23.7254830520047,0.033,4.224,8873.218,87,charge,24,2009.0
4.195803914191991,0.03219073155995555,23.71457416658925,0.033,4.224,8877.828,87,charge,24,2009.0
4.195738821046219,0.03330930605860473,23.72274577386018,0.033,4.219,8882.484,87,charge,24,2009.0
4.195865124511976,0.0343819671763592,23.719468470276183,0.033,4.224,8887.093,87,charge,24,2009.0
4.195873536461716,0.0315982122744106,23.722350295791635,0.033,4.224,8891.671,87,charge,24,2009.0
4.195821156579238,0.03238323831152995,23.717350832862277,0.033,4.224,8896.328,87,charge,24,2009.0
4.195860375661233,0.032277911893006724,23.71975201559599,0.033,4.224,8900.921,87,charge,24,2009.0
4.195857500808735,0.03164468267705634,23.72474650822229,0.033,4.224,8905.515,87,charge,24,2009.0
4.195965978412725,0.03149451475690623,23.720907220214976,0.033,4.224,8910.171,87,charge,24,2009.0
4.195675965558326,0.03216591902209072,23.722647391110822,0.033,4.219,8914.765,87,charge,24,2009.0
4.195966020863431,0.0338753027235373,23.72006460629728,0.033,4.224,8919.359,87,charge,24,2009.0
4.195702818555829,0.03265258848718564,23.723008123906638,0.033,4.224,8924.015,87,charge,24,2009.0
4.195813068087093,0.03406805819631638,23.717001130399517,0.033,4.224,8928.625,87,charge,24,2009.0
4.195736842594633,0.031419673807669184,23.709525213289407,0.033,4.219,8933.281,87,charge,24,2009.0
4.195836095006303,0.03100271097802427,23.713688035968822,0.033,4.224,8937.875,87,charge,24,2009.0
4.195796731904492,0.032754040684007835,23.71382120127988,0.033,4.224,8942.531,87,charge,24,2009.0
4.195773264095061,0.030749678030801454,23.719581911045985,0.033,4.224,8947.125,87,charge,24,2009.0
4.1960480077761195,0.031664462677025176,23.71870080250909,0.033,4.224,8951.718,87,charge,24,2009.0
4.195938544197083,0.0315206761621657,23.726035845442983,0.033,4.224,8956.375,87,charge,24,2009.0
4.195912428386229,0.031148358848031035,23.713593226624536,0.033,4.224,8960.984,87,charge,24,2009.0
4.195688815167435,0.03232792801219812,23.713189763389384,0.033,4.224,8965.64,87,charge,24,2009.0
4.195899831085443,0.033137477483556735,23.714342117359315,0.033,4.224,8970.234,87,charge,24,2009.0
4.195785760486206,0.034027336943717325,23.709823274985606,0.033,4.224,8974.828,87,charge,24,2009.0
4.195933931002624,0.031218301401942632,23.718940298296687,0.033,4.224,8979.484,87,charge,24,2009.0
4.1958747495852,0.031808386776911696,23.718204004607923,0.033,4.224,8984.093,87,charge,24,2009.0
4.195804350074395,0.033463231020448715,23.71848876270494,0.033,4.224,8988.687,87,charge,24,2009.0
4.195906031532582,0.032748844403098165,23.71504682228904,0.033,4.224,8993.328,87,charge,24,2009.0
4.195646652245139,0.032680496551151156,23.717518484902037,0.033,4.224,8997.937,87,charge,24,2009.0
4.195898384270703,0.03213160540790963,23.715033052854043,0.033,4.224,9002.531,87,charge,24,2009.0
4.19608284972541,0.032227078572129766,23.725272302641574,0.033,4.224,9007.187,87,charge,24,2009.0
4.195917613599124,0.030897469184761276,23.72097820216616,0.033,4.219,9011.781,87,charge,24,2009.0
4.19600155611771,0.03355926778301496,23.717419888298387,0.033,4.224,9016.39,87,charge,24,2009.0
4.196191638562294,0.03169246470299236,23.7304094516067,0.033,4.224,9021.046,87,charge,24,2009.0
4.196000100148096,0.032792620898561456,23.71729137854465,0.033,4.224,9025.64,87,charge,24,2009.0
4.196074334642476,0.03239677575531706,23.714065892156498,0.033,4.224,9030.312,87,charge,24,2009.0
4.195927005730587,0.033017796295344945,23.71063089628169,0.033,4.224,9034.906,87,charge,24,2009.0
4.196162803517243,0.031554750333965806,23.710080830093684,0.033,4.224,9039.562,87,charge,24,2009.0
4.19604245557072,0.030588857950718047,23.718062441916246,0.033,4.224,9044.156,87,charge,24,2009.0
4.196161975794655,0.032869297518044294,23.70927970866806,0.033,4.224,9048.765,87,charge,24,2009.0
4.196074137817396,0.03304091531140451,23.704411449689648,0.033,4.224,9053.421,87,charge,24,2009.0
4.196003461374263,0.03348291282691813,23.709953390697592,0.033,4.224,9058.015,87,charge,24,2009.0
4.1961626832162695,0.0320937897041633,23.704438501708797,0.033,4.224,9062.609,87,charge,24,2009.0
4.1960449093407375,0.03150657313756388,23.707206598474993,0.033,4.224,9067.265,87,charge,24,2009.0
4.196295014020937,0.032131465801046366,23.708210282886178,0.033,4.224,9071.875,87,charge,24,2009.0
4.19610808900933,0.03175987644578222,23.71222241836512,0.033,4.224,9076.468,87,charge,24,2009.0
4.194844445180845,0.023832614658191906,23.704981958884684,0.025,4.219,9081.125,87,charge,24,2009.0
4.196059922411586,0.033096292225459206,23.713835183975355,0.033,4.224,9085.718,87,charge,24,2009.0
4.195867549634556,0.031941016383661466,23.707571496870873,0.033,4.224,9090.312,87,charge,24,2009.0
4.19606308863323,0.03295406712827565,23.706059925442034,0.033,4.224,9094.968,87,charge,24,2009.0
4.196204654041078,0.03428664544655284,23.70556773598355,0.033,4.224,9099.578,87,charge,24,2009.0
4.1961718549646445,0.030187158793838043,23.70888208534276,0.033,4.224,9104.171,87,charge,24,2009.0
4.1959991373304195,0.03332129300729204,23.708232359416854,0.033,4.224,9108.843,87,charge,24,2009.0
4.196114052534761,0.033429274232665174,23.714368870302053,0.033,4.224,9113.453,87,charge,24,2009.0
4.196142482528518,0.03169415784302062,23.708074073621226,0.033,4.224,9118.046,87,charge,24,2009.0
4.1961469267751665,0.03218359243006701,23.709391601500652,0.033,4.224,9122.703,87,charge,24,2009.0
4.1960688849840935,0.03493048609066462,23.708725604105137,0.033,4.224,9127.296,87,charge,24,2009.0
4.195986661924378,0.0317053170425317,23.705414964702253,0.033,4.224,9131.953,87,charge,24,2009.0
4.196128298975857,0.03222453681625514,23.70352611543652,0.033,4.224,9136.546,87,charge,24,2009.0
4.196164496592873,0.031459524484541875,23.70293749634882,0.033,4.224,9141.171,87,charge,24,2009.0
4.1961435662587565,0.03304745383102787,23.71227429730954,0.033,4.224,9145.828,87,charge,24,2009.0
4.196313169954328,0.031890325948279424,23.709137480833654,0.033,4.224,9150.421,87,charge,24,2009.0
4.195872420963391,0.031582274345245756,23.70418039040647,0.033,4.224,9155.015,87,charge,24,2009.0
4.196185244567446,0.03134531863608946,23.70168937364763,0.032,4.224,9159.671,87,charge,24,2009.0
4.1964071056226775,0.03193112734696146,23.70464760779354,0.033,4.224,9164.265,87,charge,24,2009.0
4.196239981949987,0.0330619551601504,23.707314306543,0.033,4.224,9168.859,87,charge,24,2009.0
4.196223145286457,0.02969432073583018,23.716819074341284,0.032,4.224,9173.546,87,charge,24,2009.0
4.196036635340381,0.03358689805944051,23.713582912279563,0.032,4.224,9178.14,87,charge,24,2009.0
4.195934885961849,0.03342149586933151,23.707414690694968,0.033,4.224,9182.718,87,charge,24,2009.0
4.196011890737697,0.031867828056839326,23.706120357299245,0.033,4.219,9187.375,87,charge,24,2009.0
4.196253794705409,0.03163155766902259,23.706235036524134,0.033,4.224,9191.984,87,charge,24,2009.0
4.196120513351788,0.030688036535926583,23.700469358510702,0.033,4.224,9196.562,87,charge,24,2009.0
4.19636037934952,0.03204981106390446,23.70077532896539,0.033,4.219,9201.234,87,charge,24,2009.0
4.196133459872484,0.03141670111653149,23.69978699848088,0.033,4.224,9205.828,87,charge,24,2009.0
4.19519992481591,0.022236881908868238,23.69889322442982,0.024,4.219,9210.484,87,charge,24,2009.0
4.196209288263909,0.03166193740632746,23.700607304615556,0.033,4.224,9215.078,87,charge,24,2009.0
4.1960571934669355,0.031107039068375492,23.697632499020198,0.033,4.224,9219.687,87,charge,24,2009.0
4.196325184684203,0.03230139737759477,23.702083971795624,0.032,4.224,9224.343,87,charge,24,2009.0
4.196130630937581,0.03089858425058725,23.70461659069488,0.032,4.224,9228.937,87,charge,24,2009.0
4.196323261406142,0.03087798581600357,23.699748493239685,0.033,4.224,9233.531,87,charge,24,2009.0
4.196251638261598,0.0327243616911316,23.710749199124084,0.032,4.219,9238.187,87,charge,24,2009.0
4.196234387514699,0.03190872844342031,23.698830485796258,0.032,4.224,9242.781,87,charge,24,2009.0
4.196279669452938,0.03115799650930849,23.695793280449696,0.033,4.224,9247.39,87,charge,24,2009.0
4.196324038696201,0.03246326366357417,23.700451177756843,0.032,4.224,9252.046,87,charge,24,2009.0
4.1961806584455905,0.03260810151668834,23.699120911816767,0.032,4.224,9256.64,87,charge,24,2009.0
4.196481239826967,0.033122166537773404,23.70013145152013,0.032,4.224,9261.234,87,charge,24,2009.0
4.196454801890638,0.032425753135896095,23.69416385677131,0.032,4.224,9265.89,87,charge,24,2009.0
4.195128359649935,0.021885405387872727,23.685614236337603,0.024,4.219,9270.484,87,charge,24,2009.0
4.1961550944953,0.030635509299314866,23.688216364941155,0.033,4.224,9275.093,87,charge,24,2009.0
4.1962933754864755,0.03193022175833706,23.690355349601557,0.032,4.219,9279.75,87,charge,24,2009.0
4.196291839289882,0.031695329726104324,23.696599091569087,0.032,4.224,9284.343,87,charge,24,2009.0
4.196387288195385,0.033793612997648444,23.69155395089438,0.032,4.224,9288.937,87,charge,24,2009.0
4.196267764674237,0.031243653971210344,23.698667371979784,0.032,4.224,9293.593,87,charge,24,2009.0
4.196259079809276,0.03274575037606841,23.690408265937695,0.032,4.219,9298.171,87,charge,24,2009.0
4.19632894736092,0.03192294582570923,23.695184928240536,0.032,4.224,9302.765,87,charge,24,2009.0
4.196388826423632,0.03197886340767062,23.691114756596985,0.032,4.224,9307.406,87,charge,24,2009.0
4.195073480640739,0.021990352861276267,23.680291085535462,0.024,4.219,9312.0,87,charge,24,2009.0
4.19622964929638,0.032180934985165444,23.688834987562878,0.032,4.224,9316.578,87,charge,24,2009.0
4.1963351809836515,0.03181856579427081,23.696081694135785,0.032,4.224,9321.218,87,charge,24,2009.0
4.196274058611366,0.030191467710756936,23.68461301869208,0.032,4.224,9325.812,87,charge,24,2009.0
4.1965281550073295,0.032860630052422964,23.69192551809543,0.032,4.224,9330.406,87,charge,24,2009.0
4.196530330131611,0.03097707737633786,23.692213212592044,0.032,4.219,9335.046,87,charge,24,2009.0
4.196386127883915,0.03146828610706348,23.700187585787692,0.032,4.224,9339.64,87,charge,24,2009.0
4.196392298043346,0.030279872069585035,23.695450362178736,0.032,4.224,9344.218,87,charge,24,2009.0
4.196445825928288,0.0295208023258023,23.699142056897173,0.032,4.224,9348.875,87,charge,24,2009.0
4.19636365419859,0.03179456089396529,23.69274966055706,0.032,4.224,9353.468,87,charge,24,2009.0
4.19642518319372,0.03102660301275114,23.68695962640128,0.032,4.224,9358.046,87,charge,24,2009.0
4.19645463673409,0.03219938556910995,23.684830339226913,0.032,4.224,9362.687,87,charge,24,2009.0
4.196380104630648,0.029232380831501505,23.68401652730435,0.032,4.224,9367.281,87,charge,24,2009.0
4.196533082872637,0.03172058058179338,23.690553856954043,0.032,4.224,9371.875,87,charge,24,2009.0
4.196647096446063,0.03263960893951315,23.69261545804951,0.032,4.224,9376.531,87,charge,24,2009.0
4.196452124371088,0.03102313153018921,23.6871912105473,0.032,4.219,9381.109,87,charge,24,2009.0
4.196495052920366,0.030407130663455913,23.699368966953145,0.032,4.219,9385.703,87,charge,24,2009.0
4.196394825897444,0.030305604521667764,23.684766653408687,0.032,4.224,9390.343,87,charge,24,2009.0
4.196537340548309,0.029934734170759474,23.682729979380568,0.032,4.224,9394.921,87,charge,24,2009.0
4.196481712441398,0.030222288908117054,23.689135911417583,0.032,4.219,9399.531,87,charge,24,2009.0
4.19654037753465,0.03130402633840393,23.68277139633936,0.032,4.224,9404.187,87,charge,24,2009.0
4.1953530677228965,0.021254298197424217,23.686969928093998,0.024,4.219,9408.765,87,charge,24,2009.0
4.196597316246149,0.02976260124781144,23.690189875627496,0.032,4.224,9413.359,87,charge,24,2009.0
4.196672754570927,0.03144662684052925,23.6901645965725,0.032,4.224,9418.015,87,charge,24,2009.0
4.196642375311894,0.029933825454173793,23.68636197238206,0.032,4.224,9422.656,87,charge,24,2009.0
4.19653976659597,0.03151666822140538,23.691701339967544,0.032,4.224,9427.296,87,charge,24,2009.0
4.19659414980177,0.031281819502025306,23.691547730183327,0.032,4.224,9431.906,87,charge,24,2009.0
4.1964805136200445,0.031415231203786295,23.684418946377484,0.032,4.224,9436.5,87,charge,24,2009.0
4.1953977013006325,0.022085399682092204,23.691487136119264,0.024,4.219,9441.156,87,charge,24,2009.0
4.1966267753726765,0.03223160008853952,23.695914272933223,0.032,4.224,9445.75,87,charge,24,2009.0
4.196586109275378,0.030219932097049904,23.68835427557737,0.032,4.224,9450.328,87,charge,24,2009.0
4.196465100446466,0.029758848189094047,23.690085681584055,0.032,4.224,9454.968,87,charge,24,2009.0
4.1965638664221245,0.03050536757744996,23.690928405921106,0.032,4.224,9459.562,87,charge,24,2009.0
4.1966506919237085,0.03032435830000515,23.679751442043923,0.032,4.224,9464.156,87,charge,24,2009.0
4.196415035367323,0.02987862604322223,23.680205023163317,0.032,4.224,9468.812,87,charge,24,2009.0
4.196658146352788,0.031769666624352745,23.6884662363268,0.032,4.224,9473.39,87,charge,24,2009.0
4.196839235164689,0.030775978181908154,23.688722874392102,0.032,4.224,9477.984,87,charge,24,2009.0
4.196525817126976,0.029982315849343556,23.688231654857532,0.032,4.224,9482.64,87,charge,24,2009.0
4.196684590708553,0.03100146202684886,23.6828071533126,0.032,4.224,9487.218,87,charge,24,2009.0
4.196714801625131,0.030830182004262546,23.672735115548203,0.032,4.224,9491.937,87,charge,24,2009.0
4.196693731137852,0.03033378855537096,23.677804412317787,0.032,4.224,9496.531,87,charge,24,2009.0
4.1966254159046565,0.03140326151521987,23.68474123828439,0.032,4.224,9501.125,87,charge,24,2009.0
4.196852564546192,0.030825522696522743,23.679298462865493,0.032,4.224,9505.75,87,charge,24,2009.0
4.196644013310122,0.02935392887899982,23.689281552224465,0.032,4.224,9510.343,87,charge,24,2009.0
4.1966914178948125,0.02991180097181847,23.684372524667328,0.032,4.224,9514.937,87,charge,24,2009.0
4.19660167843474,0.030379799147748496,23.69147344472325,0.032,4.224,9519.578,87,charge,24,2009.0
4.196783997894691,0.030051677545439824,23.68408017348344,0.032,4.224,9524.171,87,charge,24,2009.0
4.196785383516803,0.03130073895604014,23.681702813894397,0.032,4.224,9528.75,87,charge,24,2009.0
4.1966583663274335,0.03049218908546648,23.68171727337853,0.032,4.224,9533.406,87,charge,24,2009.0
4.196744786322787,0.030652320490295957,23.68509830991426,0.032,4.224,9538.0,87,charge,24,2009.0
4.19689001414817,0.03182434937521053,23.68518723141049,0.032,4.224,9542.578,87,charge,24,2009.0
4.1968206969782464,0.031546363619813236,23.674041688502598,0.032,4.224,9547.234,87,charge,24,2009.0
4.1967129069161855,0.030367610435367332,23.673193239748027,0.032,4.224,9551.828,87,charge,24,2009.0
4.196973915215419,0.030714138478408936,23.672506078928645,0.032,4.224,9556.421,87,charge,24,2009.0
4.196822051721846,0.03066517006427496,23.682636929503502,0.032,4.224,9561.062,87,charge,24,2009.0
4.1967846415744905,0.030967538595793206,23.67901260615621,0.032,4.219,9565.656,87,charge,24,2009.0
4.196896800423144,0.03024530226530938,23.684077086813915,0.032,4.224,9570.25,87,charge,24,2009.0
4.19682082500981,0.030237248118045384,23.6784199517227,0.03,4.224,9574.906,87,charge,24,2009.0
4.1969014179459325,0.030867145853401338,23.68577672875396,0.032,4.224,9579.484,87,charge,24,2009.0
4.197054663501905,0.029161538959782695,23.677352289636463,0.03,4.224,9584.078,87,charge,24,2009.0
4.196780806390966,0.030378271550391266,23.674263663349112,0.03,4.224,9588.718,87,charge,24,2009.0
4.196903708800459,0.029364706599259438,23.67172399422242,0.032,4.224,9593.296,87,charge,24,2009.0
4.196884617545854,0.03088136040287752,23.67488815465099,0.032,4.224,9597.906,87,charge,24,2009.0
4.195719798946136,0.021771677236222853,23.672517340717018,0.022,4.219,9602.546,87,charge,24,2009.0
4.195854903555965,0.02110843154383034,23.68008478036825,0.022,4.219,9607.14,87,charge,24,2009.0
4.19580935090227,0.02147437287263543,23.6776533484358,0.022,4.219,9611.718,87,charge,24,2009.0
4.195576048145557,0.020450587493148216,23.678153398410384,0.022,4.214,9616.375,87,charge,24,2009.0
4.1955300447251025,0.02302725113683576,23.678750835854796,0.024,4.219,9620.968,87,charge,24,2009.0
4.19677783275646,0.03228334842663975,23.687901894210412,0.032,4.224,9625.578,87,charge,24,2009.0
4.196653484201366,0.03038203379682329,23.68013494098364,0.03,4.219,9630.218,87,charge,24,2009.0
4.196874501965521,0.029977521235411152,23.675862799229588,0.03,4.224,9634.828,87,charge,24,2009.0
4.195781474181665,0.021936420577815866,23.68451606549899,0.022,4.219,9639.468,87,charge,24,2009.0
4.195601179256417,0.020220441302550966,23.684382613045354,0.022,4.219,9644.062,87,charge,24,2009.0
4.19576839215587,0.02170630332864779,23.685167470290136,0.022,4.219,9648.64,87,charge,24,2009.0
4.195411540338835,0.021123501565056976,23.68587681271587,0.022,4.219,9653.296,87,charge,24,2009.0
4.195709784583109,0.02265668200012001,23.691473048019148,0.022,4.214,9657.875,87,charge,24,2009.0
4.195586884884036,0.02217608774361661,23.682210044159344,0.022,4.219,9662.531,87,charge,24,2009.0
4.1955477876439256,0.021154325014984623,23.683368273108297,0.024,4.219,9667.109,87,charge,24,2009.0
4.196800915557927,0.030393981909918967,23.68885045842631,0.032,4.224,9671.703,87,charge,24,2009.0
4.196788461654988,0.028647237716017394,23.691826149928353,0.032,4.224,9676.359,87,charge,24,2009.0
4.195610798937304,0.02155597982437223,23.680211095517215,0.022,4.219,9680.937,87,charge,24,2009.0
4.195664868389503,0.020880270863767324,23.675877377147348,0.024,4.219,9685.515,87,charge,24,2009.0
4.195797300679497,0.021299442122963537,23.68023813044591,0.024,4.219,9690.156,87,charge,24,2009.0
4.195593816630396,0.022337700929263953,23.67658769321288,0.024,4.219,9694.75,87,charge,24,2009.0
4.195533465328693,0.02105383441973043,23.677257428935647,0.022,4.219,9699.406,87,charge,24,2009.0
4.196789189623557,0.030052755057949715,23.674204505865998,0.032,4.224,9703.984,87,charge,24,2009.0
4.196836059578817,0.030148146021480134,23.67828159835715,0.032,4.224,9708.625,87,charge,24,2009.0
4.196831163326546,0.030599114462895385,23.683205996570035,0.032,4.224,9713.234,87,charge,24,2009.0
4.196934523567107,0.03025880997670503,23.686497267274806,0.032,4.224,9717.859,87,charge,24,2009.0
4.196902329500495,0.03128341555101356,23.686428806297346,0.03,4.224,9722.484,87,charge,24,2009.0
4.196886167253072,0.030653597125387465,23.68811979819974,0.03,4.224,9727.156,87,charge,24,2009.0
4.196961842220973,0.029912343664255468,23.684634414691377,0.03,4.224,9731.765,87,charge,24,2009.0
4.196964724462492,0.028861872925462124,23.676928188651274,0.03,4.224,9736.39,87,charge,24,2009.0
4.1969332745028,0.030342978655194384,23.6811404196793,0.03,4.219,9741.015,87,charge,24,2009.0
4.1969093386416505,0.030125019911632897,23.691461209557577,0.03,4.224,9745.656,87,charge,24,2009.0
4.196993629571489,0.03192950851405754,23.6923984723582,0.03,4.219,9750.312,87,charge,24,2009.0
4.1959056274445405,0.022631828977151373,23.677162977712104,0.022,4.214,9754.937,87,charge,24,2009.0
4.195897429695073,0.02038158685532021,23.6778817893847,0.022,4.219,9759.531,87,charge,24,2009.0
4.195703935130327,0.020768533643275577,23.678540334817846,0.022,4.219,9764.109,87,charge,24,2009.0
4.195853852289956,0.022162865886062606,23.677630842837566,0.022,4.219,9768.75,87,charge,24,2009.0
4.195852110118863,0.020024369090451473,23.68249364901778,0.022,4.219,9773.343,87,charge,24,2009.0
4.195854023741134,0.020297434948757433,23.672142458856314,0.022,4.219,9777.937,87,charge,24,2009.0
4.195873993253289,0.023321483670291833,23.668392590682263,0.022,4.219,9782.578,87,charge,24,2009.0
4.195744722914613,0.021519533173831703,23.667702307322827,0.022,4.214,9787.171,87,charge,24,2009.0
4.195753945530919,0.02066038298910451,23.670865515403896,0.022,4.219,9791.765,87,charge,24,2009.0
4.195838875869106,0.020168457645056277,23.684645842966113,0.022,4.219,9796.406,87,charge,24,2009.0
4.195935520423605,0.021969053530063464,23.681786854631827,0.022,4.219,9801.0,87,charge,24,2009.0
4.1956969486453595,0.022316399037954536,23.674548724086716,0.022,4.219,9805.578,87,charge,24,2009.0
4.195749889669713,0.020237411566161222,23.67566271809441,0.022,4.214,9810.234,87,charge,24,2009.0
4.195732889174945,0.020421439006170144,23.66966280489164,0.022,4.214,9814.828,87,charge,24,2009.0
4.195704891379306,0.020290965563485433,23.673612554616007,0.022,4.219,9819.406,87,charge,24,2009.0
4.195720767262892,0.02008551297765194,23.678386784796036,0.022,4.219,9824.046,87,charge,24,2009.0
4.195743078758835,0.022183280453343474,23.674198630273448,0.022,4.219,9828.64,87,charge,24,2009.0
4.195797239610481,0.022163852579193472,23.680457864622714,0.022,4.214,9833.234,87,charge,24,2009.0
4.195728738480126,0.021643532474583303,23.682387231759535,0.022,4.219,9837.875,87,charge,24,2009.0
4.195771716332607,0.02227253508996705,23.669103966766013,0.022,4.219,9842.734,87,charge,24,2009.0
4.195793940140269,0.022632723797998803,23.679210898625374,0.022,4.219,9847.343,87,charge,24,2009.0
4.195767589464901,0.02222274651611481,23.669679353819287,0.022,4.219,9852.0,87,charge,24,2009.0
4.19574615326165,0.020311666991901674,23.66461945331725,0.022,4.219,9856.609,87,charge,24,2009.0
4.195599363891267,0.022369471152236177,23.673086470809526,0.022,4.219,9861.218,87,charge,24,2009.0
4.195719612746541,0.020935018129569567,23.66980182615428,0.022,4.219,9865.875,87,charge,24,2009.0
4.19569910224377,0.022567816394916205,23.670097104008587,0.022,4.219,9870.468,87,charge,24,2009.0
4.195723479617273,0.02282159063890612,23.675809182455495,0.022,4.219,9875.171,87,charge,24,2009.0
4.195821155447636,0.020666590518936732,23.681497233954957,0.022,4.219,9879.781,87,charge,24,2009.0
4.195813994508891,0.020593668651021153,23.6777039990649,0.022,4.219,9884.453,87,charge,24,2009.0
4.195751694856762,0.01959074391699882,23.679009068548787,0.022,4.219,9889.062,87,charge,24,2009.0
4.176261290624445,-0.0013708386420478902,23.685845460216637,-0.001,-0.007,9893.609,87,charge,24,2009.0
4.183372958648248,-0.0045294057939848425,23.70632677535084,0.0,-0.007,9898.234,87,charge,24,2009.0
4.185100200330883,-0.004308405591062937,23.724741758833556,0.0,-0.007,9902.781,87,charge,24,2009.0
4.185773580423251,-0.004108859407992458,23.72410099486008,0.0,-0.007,9907.328,87,charge,24,2009.0
4.186785337587754,-0.0009983897594621825,23.740368898699774,0.0,-0.007,9911.875,87,charge,24,2009.0
4.187083476988834,-0.003151809575490692,23.738505189239163,0.0,-0.007,9916.421,87,charge,24,2009.0
4.1875596622806945,-0.0021945790618420136,23.73642732858057,0.0,-0.007,9920.968,87,charge,24,2009.0
4.18765135929487,-0.001231894660681087,23.74935945041443,0.0,-0.007,9925.562,87,charge,24,2009.0
4.187723648943685,-0.0018191070354526848,23.741997724719894,0.0,-0.007,9930.109,87,charge,24,2009.0
4.188076466022255,-0.005510510980228701,23.733950656848503,0.0,-0.007,9934.656,87,charge,24,2009.0
4.188161802356291,-0.0037499960857103574,23.742256369076927,0.0,-0.007,9939.203,87,charge,24,2009.0
4.188261958210692,-0.0014757888905341482,23.73888257392735,0.0,-0.007,9943.765,87,charge,24,2009.0
4.188277629163013,-0.003941789750396473,23.73964405898101,0.0,-0.007,9948.296,87,charge,24,2009.0
4.188370740865206,-0.00230615855418947,23.734378320049,0.0,-0.007,9952.843,87,charge,24,2009.0
4.188038021558762,-0.004715589798283416,23.73734690033917,-0.001,-0.007,9957.437,87,charge,24,2009.0
4.188526767670526,-0.002905508819074324,23.736691692571274,0.0,-0.007,9961.984,87,charge,24,2009.0
4.188536637829811,-0.0026730231717391425,23.73093291348656,0.0,-0.007,9966.531,87,charge,24,2009.0
4.1886523979173536,-0.0035607830955317788,23.73181888224796,0.0,-0.007,9971.062,87,charge,24,2009.0
4.188541806900732,-0.0036954066804090933,23.731709693467625,-0.001,-0.007,9975.625,87,charge,24,2009.0
4.188478000601748,-0.004201089143020952,23.73653716183198,0.0,-0.007,9980.156,87,charge,24,2009.0
4.188586115160248,-0.0022971659625736773,23.72873926216976,0.0,-0.007,9984.687,87,charge,24,2009.0
4.188452044608593,-0.0032351516645223915,23.734165086140777,0.0,-0.007,9989.265,87,charge,24,2009.0
4.188569491620766,-0.002433082737334189,23.73496311312246,0.0,-0.007,9993.812,87,charge,24,2009.0
4.18851643046244,-0.003602260747867988,23.733573442779797,0.0,-0.007,9998.359,87,charge,24,2009.0
4.1888091545209685,-0.004571981416041413,23.733126501359923,0.0,-0.007,10002.89,87,charge,24,2009.0
4.188742062769564,-0.0014925233415208116,23.728733412811813,0.0,-0.007,10007.437,87,charge,24,2009.0
4.188603021160314,-0.0038866152475573756,23.734413912572236,0.0,-0.007,10011.968,87,charge,24,2009.0
4.188641329656337,-0.006227425202712062,23.730681943705513,0.0,-0.007,10016.515,87,charge,24,2009.0
4.188551417202249,-0.004401960341205465,23.7375631505064,0.0,-0.007,10021.062,87,charge,24,2009.0
4.188827896299757,-0.0033295921946200004,23.740150612090204,0.0,-0.007,10025.593,87,charge,24,2009.0
4.188714259068473,-0.0021374365666194488,23.744652718596793,0.0,-0.007,10030.14,87,charge,24,2009.0
4.188652903918188,-0.001885875563740375,23.73134301279962,0.0,-0.007,10034.671,87,charge,24,2009.0
4.189006126566969,-0.00097810350416567,23.72998218195222,0.0,-0.007,10039.218,87,charge,24,2009.0
4.188675358015371,-0.004078666316735759,23.732878440780507,0.0,-0.007,10043.765,87,charge,24,2009.0
4.188767348542129,-0.0029536735375337445,23.72830286084323,0.0,-0.007,10048.296,87,charge,24,2009.0
4.188736159449865,-0.004496152505887955,23.735245778508236,0.0,-0.007,10052.843,87,charge,24,2009.0
4.188465465660512,-0.0030208658672981527,23.72915398169185,0.0,-0.007,10057.375,87,charge,24,2009.0
4.18886426687152,-0.0042581688830406195,23.73411468891468,0.0,-0.007,10061.921,87,charge,24,2009.0
4.1886648180229,-0.00438868017007223,23.728078900685237,0.0,-0.007,10066.453,87,charge,24,2009.0
4.188838774591513,-0.002821385345345064,23.72527524626627,0.0,-0.007,10071.0,87,charge,24,2009.0
4.188873871158878,-0.0013442139358471074,23.723919323732765,0.0,-0.007,10075.531,87,charge,24,2009.0
4.188849167157384,-0.0037698180067303306,23.722643199901306,0.0,-0.007,10080.093,87,charge,24,2009.0
4.1888417628282015,-0.004083264857933429,23.728421463609145,0.0,-0.007,10084.64,87,charge,24,2009.0
4.188876123669903,-0.0018848251303663743,23.722853611348672,0.0,-0.007,10089.171,87,charge,24,2009.0
4.188975265144042,-0.0028769515578673317,23.730689444703817,0.0,-0.007,10093.718,87,charge,24,2009.0
4.188756510184896,-0.0037601906374120546,23.729230217274484,0.0,-0.007,10098.25,87,charge,24,2009.0
4.1885983382611665,-0.0046940234742647415,23.72752491407485,0.0,-0.007,10102.796,87,charge,24,2009.0
4.188701554801768,-0.004087637423820463,23.721552800088663,0.0,-0.007,10107.328,87,charge,24,2009.0
4.18851175171096,-0.004076685961338555,23.724883553953777,0.0,-0.007,10111.875,87,charge,24,2009.0
4.188788730627809,-0.003216376977146795,23.71900676346321,0.0,-0.007,10116.406,87,charge,24,2009.0
4.18875231214645,-0.004619866543404132,23.722011090505344,0.0,-0.007,10120.937,87,charge,24,2009.0
4.188810290488814,-0.005396790554109583,23.720824181576603,0.0,-0.007,10125.484,87,charge,24,2009.0
4.188577900454995,-0.002803872856633813,23.722644214640326,0.0,-0.007,10130.015,87,charge,24,2009.0
4.188990113751404,-0.0013749019762482877,23.73037879525891,0.0,-0.007,10134.546,87,charge,24,2009.0
4.188774144256707,-0.003531259789730461,23.721129988335793,0.0,-0.007,10139.093,87,charge,24,2009.0
4.188865619714186,-5.273236406535905e-05,23.718794360322928,0.0,-0.007,10143.625,87,charge,24,2009.0
4.188859797205933,-0.0029267959560976137,23.726642042195188,0.0,-0.007,10148.156,87,charge,24,2009.0
4.1885879389717955,-0.004440567397267966,23.72232212309369,0.0,-0.007,10152.703,87,charge,24,2009.0
4.188622856108533,-0.0027810541679541153,23.72470788518281,0.0,-0.007,10157.234,87,charge,24,2009.0
4.1885513172893685,-0.005292835658864869,23.723932869283026,0.0,-0.007,10161.765,87,charge,24,2009.0
4.188797113346535,-0.0034671976952203704,23.71937440460034,0.0,-0.007,10166.296,87,charge,24,2009.0
4.188735963627613,-0.0015700924026916421,23.714412763665017,0.0,-0.007,10170.843,87,charge,24,2009.0
4.188610906494746,-0.0032841500374216114,23.722181004444302,0.0,-0.007,10175.375,87,charge,24,2009.0
4.188501590939945,-0.005115349146824916,23.716562049754867,0.0,-0.007,10179.906,87,charge,24,2009.0
4.188514517364077,-0.005553551184146825,23.71477248116141,0.0,-0.007,10184.437,87,charge,24,2009.0
4.188738958732456,-0.0036150098219826675,23.718073415654747,-0.001,-0.007,10188.968,87,charge,24,2009.0
4.188653238081862,-0.0019082453366469265,23.71718450068091,0.0,-0.007,10193.5,87,charge,24,2009.0
4.188622311251408,-0.0036611675279116375,23.718944827858632,0.0,-0.007,10198.031,87,charge,24,2009.0
4.188742299585225,-0.001456266863239308,23.714393076458954,0.0,-0.007,10202.562,87,charge,24,2009.0
4.188438816066533,-0.0035600301050575135,23.71026330900151,0.0,-0.007,10207.093,87,charge,24,2009.0
4.188545450072294,0.0003331032263026362,23.71836581006544,0.0,-0.007,10211.625,87,charge,24,2009.0
4.1886886195369835,-0.0029305919641877147,23.713289101336333,0.0,-0.007,10216.171,87,charge,24,2009.0
4.188458483908569,-0.003959322548697189,23.709125570332017,0.0,-0.007,10220.703,87,charge,24,2009.0
4.188383132945227,-0.001675283241832211,23.712138728525595,0.0,-0.007,10225.234,87,charge,24,2009.0
4.188458750142429,-0.002710392880811171,23.712431253563423,0.0,-0.007,10229.765,87,charge,24,2009.0
4.188402636772849,-0.003622503820050519,23.719011553112338,0.0,-0.007,10234.296,87,charge,24,2009.0
4.188567532641304,-0.0032442511506692176,23.713375068568936,0.0,-0.007,10238.843,87,charge,24,2009.0
4.188392440357845,-0.002743366392183377,23.708912253197095,0.0,-0.007,10243.375,87,charge,24,2009.0
4.188314273941756,-0.0024793923228047785,23.70952515677331,0.0,-0.007,10247.906,87,charge,24,2009.0
4.188404531595071,-0.003107241689060314,23.716122763997372,0.0,-0.007,10252.437,87,charge,24,2009.0
4.1884592678354,-0.0038490358781842282,23.70449657471754,0.0,-0.007,10256.968,87,charge,24,2009.0
4.188733264310834,-0.003513500007401588,23.71511895346003,0.0,-0.007,10261.5,87,charge,24,2009.0
4.188373061574642,-0.0028378018842621154,23.717825375781842,0.0,-0.007,10266.031,87,charge,24,2009.0
4.18846932708203,-0.003766027145966215,23.71033493396339,0.0,-0.007,10270.562,87,charge,24,2009.0
4.188436490688088,-0.003231553248472804,23.706309323803755,0.0,-0.007,10275.093,87,charge,24,2009.0
4.188402708934927,-0.003796341953003205,23.706583277720444,0.0,-0.007,10279.625,87,charge,24,2009.0
4.18837254330737,-0.001515897141063721,23.69671555661936,0.0,-0.007,10284.156,87,charge,24,2009.0
4.1883846060377845,-0.0039046567113996183,23.70147165819504,0.0,-0.007,10288.687,87,charge,24,2009.0
4.188444824205624,-0.0013860081543105533,23.700694619446974,0.0,-0.007,10293.218,87,charge,24,2009.0
4.188392346636311,-0.0016366708905015028,23.70681583149826,0.0,-0.007,10297.75,87,charge,24,2009.0
4.188402792066244,-0.004324585233974189,23.716222124025688,0.0,-0.007,10302.281,87,charge,24,2009.0
4.18844995574362,-0.0037557814577733888,23.70413848506601,0.0,-0.007,10306.843,87,charge,24,2009.0
4.1883320542863265,-0.0002631362047666182,23.705513742015665,0.0,-0.007,10311.375,87,charge,24,2009.0
4.188539432506868,-0.0031041308360095863,23.704294848704155,0.0,-0.007,10315.906,87,charge,24,2009.0
4.188482698044613,-0.0030401529062019897,23.706899869359795,0.0,-0.007,10320.437,87,charge,24,2009.0
4.188345898230982,-0.006611293059945301,23.69643362080403,0.0,-0.007,10324.968,87,charge,24,2009.0
4.188356005765307,-0.0028459372787819825,23.70124791328523,0.0,-0.007,10329.5,87,charge,24,2009.0
4.188231187870373,-0.0008939305487398999,23.696142988779417,0.0,-0.007,10334.031,87,charge,24,2009.0
4.188389369415922,-0.0036538728764738933,23.69896058757309,0.0,-0.007,10338.578,87,charge,24,2009.0
4.188390079559854,-0.0023627934449192253,23.70497643634444,0.0,-0.007,10343.109,87,charge,24,2009.0
4.188245379321401,-0.0041898894737191755,23.70543467121395,0.0,-0.007,10347.64,87,charge,24,2009.0
4.188445412290654,-0.002208316390590632,23.69823480351861,0.0,-0.007,10352.171,87,charge,24,2009.0
4.188347549334928,-0.0029570503091193544,23.704783405199926,0.0,-0.007,10356.703,87,charge,24,2009.0
4.188312258400146,-0.0019081198760470292,23.700804006482763,0.0,-0.007,10361.234,87,charge,24,2009.0
4.188241637461504,-0.0027586600462420766,23.704244840425552,0.0,-0.007,10365.765,87,charge,24,2009.0
4.188220331991598,-0.001441541369238052,23.704578750979735,0.0,-0.007,10370.312,87,charge,24,2009.0
4.18797206517209,-0.0013298433439161172,23.706400880709168,0.0,-0.007,10374.843,87,charge,24,2009.0
4.188128615961358,0.0003602950320861095,23.69375523623725,0.0,-0.007,10379.375,87,charge,24,2009.0
4.188275303151232,-0.0028902113785596486,23.698774282213527,0.0,-0.007,10383.906,87,charge,24,2009.0
4.18824819467498,-0.005374098309775345,23.707178051445766,0.0,-0.007,10388.437,87,charge,24,2009.0
4.1881551452972134,-0.0031514061007581924,23.702558807309956,0.0,-0.007,10392.968,87,charge,24,2009.0
4.1881445387869105,-0.005200083343754269,23.7065842370375,0.0,-0.007,10397.5,87,charge,24,2009.0
4.18828120039991,-0.002611902893140418,23.705141486657432,0.0,-0.007,10402.046,87,charge,24,2009.0
4.1880877534418115,-0.0026186666373033012,23.70367246057506,0.0,-0.007,10406.609,87,charge,24,2009.0
4.188371366941306,-0.00210539767284545,23.709484555907295,0.0,-0.007,10411.14,87,charge,24,2009.0
4.188315282655332,-0.004758884015694505,23.700325150908533,0.0,-0.007,10415.687,87,charge,24,2009.0
4.188253188932056,-0.0038207912733447223,23.702282480002506,0.0,-0.007,10420.218,87,charge,24,2009.0
4.188066353626813,-0.0013388260580845268,23.702641601392028,0.0,-0.007,10424.812,87,charge,24,2009.0
4.188328281036491,-0.004446664891190357,23.70373714216167,0.0,-0.007,10429.406,87,charge,24,2009.0
4.188208561889042,-0.004274592240814666,23.70702445798662,0.0,-0.007,10434.015,87,charge,24,2009.0
4.188153332905183,-0.002801179410559178,23.70324304021684,0.0,-0.007,10438.578,87,charge,24,2009.0
4.188214430725891,-0.0023253872614128826,23.70247672067548,0.0,-0.007,10443.125,87,charge,24,2009.0
4.1880273989225945,-0.0015956042759797747,23.705249681412646,0.0,-0.007,10447.656,87,charge,24,2009.0
4.1879600137429875,-0.001102501419652478,23.694836370506028,0.0,-0.007,10452.187,87,charge,24,2009.0
4.187976482131945,-0.0025261578537119894,23.69433548576147,0.0,-0.007,10456.734,87,charge,24,2009.0
4.1880630716927305,-0.004533381969716503,23.692680200243398,0.0,-0.007,10461.375,87,charge,24,2009.0
4.187941485945724,-0.0047075976264109405,23.704329811969135,0.0,-0.007,10466.296,87,charge,24,2009.0
4.188023170393424,-0.005267360666889343,23.70471504694311,0.0,-0.007,10471.125,87,charge,24,2009.0
4.188264502405108,-0.0055856271992265095,23.70643288579774,0.0,-0.007,10475.609,87,charge,24,2009.0
4.187987274010978,-0.004071685446505203,23.704786322988586,0.0,-0.007,10480.078,87,charge,24,2009.0
4.1881182368014205,-0.002256090654888152,23.699638025688355,0.0,-0.007,10484.531,87,charge,24,2009.0
4.188247850283743,-0.003159017986342912,23.705166723440353,0.0,-0.007,10489.0,87,charge,24,2009.0
4.188084779168385,-0.003961154667312306,23.705759222962897,0.0,-0.007,10493.468,87,charge,24,2009.0
4.18824328362049,-0.006040829555605332,23.702003719721983,0.0,-0.007,10497.937,87,charge,24,2009.0
4.188240755261089,-0.0019162866706778337,23.703670507075522,0.0,-0.007,10502.39,87,charge,24,2009.0
4.187948610530874,-0.004818789303874851,23.70419373512132,0.0,-0.007,10506.859,87,charge,24,2009.0
4.188066107066369,-0.002095338863741144,23.713763266826962,0.0,-0.007,10511.328,87,charge,24,2009.0
4.188147967542588,-0.0033233520902232303,23.704229320225476,0.0,-0.007,10515.781,87,charge,24,2009.0
4.187918774812383,-0.00237804499926307,23.695342178545715,0.0,-0.007,10520.25,87,charge,24,2009.0
4.18788469537955,-0.002625354559861262,23.698436515854297,0.0,-0.007,10524.718,87,charge,24,2009.0
4.187713517837975,-0.003380275553684484,23.69493675675993,0.0,-0.007,10529.171,87,charge,24,2009.0
4.1879462558081295,-0.003589195713686178,23.70211381430874,0.0,-0.007,10533.64,87,charge,24,2009.0
4.187941340998826,-0.004143672164224044,23.706699184314513,0.0,-0.007,10538.093,87,charge,24,2009.0
4.1880336466806005,-0.005208163670279059,23.701288596908025,0.0,-0.007,10542.562,87,charge,24,2009.0
4.188010091634563,-0.004718229856487935,23.695862291928247,0.0,-0.007,10547.015,87,charge,24,2009.0
4.188114626458289,-0.00495865979019456,23.701322289879144,0.0,-0.007,10551.484,87,charge,24,2009.0
4.187973297874702,-0.002754330822629408,23.695085263196457,0.0,-0.007,10555.953,87,charge,24,2009.0
4.18794651869403,-0.0033374863347155493,23.689636863415835,0.0,-0.007,10560.421,87,charge,24,2009.0
4.187891175983912,0.0006858738679632106,23.697767615450925,0.0,-0.007,10564.875,87,charge,24,2009.0
4.18793694067006,-0.004955614395706409,23.691120282765453,0.0,-0.007,10569.343,87,charge,24,2009.0
4.187647482133985,-0.0012902484992142725,23.696339926886658,0.0,-0.007,10573.796,87,charge,24,2009.0
4.1881028916379215,-0.001446858746118868,23.691813298331294,0.0,-0.007,10578.265,87,charge,24,2009.0
4.1876707911475455,-0.002246265727376392,23.699164019283543,0.0,-0.007,10582.75,87,charge,24,2009.0
4.187991564586253,-0.002610943968784969,23.70722891956038,0.0,-0.007,10587.203,87,charge,24,2009.0
4.187839150509406,-0.0017516616163480564,23.702807478327227,0.0,-0.007,10591.656,87,charge,24,2009.0
4.18803625846511,-0.006775270831851584,23.702518894926804,0.0,-0.007,10596.125,87,charge,24,2009.0
4.1879211049650324,-0.005290620598520975,23.700899399882996,0.0,-0.007,10600.593,87,charge,24,2009.0
4.187832789749052,-0.005326728842299359,23.690503445899672,0.0,-0.007,10605.046,87,charge,24,2009.0
4.1876366557894045,-0.004553504417737412,23.692349045594057,0.0,-0.007,10609.5,87,charge,24,2009.0
4.1878527636225344,-0.0022900899983428254,23.701954433238104,0.0,-0.007,10613.968,87,charge,24,2009.0
4.18779456569013,-0.002194535155904016,23.702905108225995,0.0,-0.007,10618.437,87,charge,24,2009.0
4.187736399980607,-0.0040988834920245515,23.70427286962516,0.0,-0.007,10622.89,87,charge,24,2009.0
4.187674751064263,-0.004032626886883759,23.695508116589718,0.0,-0.007,10627.359,87,charge,24,2009.0
4.187838334249564,-0.004224123872254265,23.705836343767093,0.0,-0.007,10631.812,87,charge,24,2009.0
4.187864408812903,-0.004182951989488506,23.702213131533423,0.0,-0.007,10636.281,87,charge,24,2009.0
4.187784859080943,-0.005186962485507693,23.706301408070335,0.0,-0.007,10640.734,87,charge,24,2009.0
4.18764741142021,-0.005072073138447193,23.704460874466093,0.0,-0.007,10645.203,87,charge,24,2009.0
4.187815181771136,-0.0013033211826726163,23.709064847986824,0.0,-0.007,10649.671,87,charge,24,2009.0
4.187524470370325,-0.002706243284904642,23.706586224883722,0.0,-0.007,10654.125,87,charge,24,2009.0
4.187662724829236,-0.002731521503723382,23.70413668375501,0.0,-0.007,10658.578,87,charge,24,2009.0
4.1878034873484795,-0.005027415809935084,23.71091687699156,0.0,-0.007,10663.046,87,charge,24,2009.0
4.187565515521383,-0.0026531735411234416,23.702627992955613,0.0,-0.007,10667.515,87,charge,24,2009.0
4.187996005294155,-0.0030836632431973316,23.689454236586485,0.0,-0.007,10671.968,87,charge,24,2009.0
4.187815778140882,-0.0026294311053688406,23.700306753211304,0.0,-0.007,10676.437,87,charge,24,2009.0
4.1876002086933015,0.0008397960346888965,23.70592989071132,0.0,-0.007,10680.906,87,charge,24,2009.0
4.187909966141252,-0.0026624538742034964,23.697613995657825,0.0,-0.007,10685.359,87,charge,24,2009.0
4.187738928800622,-0.00175261283186621,23.689544318480213,0.0,-0.007,10689.828,87,charge,24,2009.0
4.187709744607554,-0.00490259750646326,23.69663258024856,0.0,-0.007,10694.312,87,charge,24,2009.0
4.187862171675146,-0.0038727194567138453,23.692172479885674,0.0,-0.007,10698.781,87,charge,24,2009.0
4.187558786976236,-0.003364054517958987,23.69080775703665,0.0,-0.007,10703.234,87,charge,24,2009.0
4.187677018742098,-0.004164203195758952,23.692753501741446,0.0,-0.007,10707.687,87,charge,24,2009.0
4.18764547890307,-0.006592488885390999,23.705556558254393,0.0,-0.007,10712.156,87,charge,24,2009.0
4.1876335178418,-0.001720057051155364,23.70049616770909,-0.001,-0.007,10716.625,87,charge,24,2009.0
4.187545132670949,-0.002614172317990621,23.6937119052595,0.0,-0.007,10721.078,87,charge,24,2009.0
4.187609355850188,-0.003203757891116246,23.690607958208744,0.0,-0.007,10725.546,87,charge,24,2009.0
4.1874811185069065,-0.0008686869518570096,23.69573208969878,0.0,-0.007,10730.015,87,charge,24,2009.0
4.187499715085262,-0.0015884913646126027,23.69180198219606,0.0,-0.007,10734.468,87,charge,24,2009.0
4.18755458553969,-0.0018069331041992455,23.68809837068314,0.0,-0.007,10738.921,87,charge,24,2009.0
4.187649087560721,-0.00558151398755655,23.69048809606997,0.0,-0.007,10743.39,87,charge,24,2009.0
4.18750940744648,-0.0017526805677817697,23.692289162943503,0.0,-0.007,10747.859,87,charge,24,2009.0
4.187454353937721,-0.00101570961203735,23.69913511257386,0.0,-0.007,10752.328,87,charge,24,2009.0
4.18763743052219,-0.0027212242834326284,23.69178613275815,0.0,-0.007,10756.781,87,charge,24,2009.0
4.187776038767723,-0.004342615642280641,23.695103532858422,-0.001,-0.007,10761.25,87,charge,24,2009.0
4.187536281715472,-0.002854532467474791,23.69643171111825,0.0,-0.007,10765.718,87,charge,24,2009.0
4.187864081001817,-0.004023552163536195,23.701016206707266,0.0,-0.007,10770.171,87,charge,24,2009.0
4.187625747448497,-0.0036359104625952048,23.69928164665018,-0.001,-0.007,10774.64,87,charge,24,2009.0
4.187645665006176,-0.0018139553718271562,23.700276794116473,0.0,-0.007,10779.109,87,charge,24,2009.0
4.1876234930674805,-0.0023625160526226647,23.695249227930756,0.0,-0.007,10783.578,87,charge,24,2009.0
4.187635111453705,-0.004161288595374545,23.692783258864914,0.0,-0.007,10788.031,87,charge,24,2009.0
